bs_rep	neu_sfs	neu_call	sel_sfs	sel_call
0	2844,1259,832,693,547,494,405,345,342,307,256,228,229,234,193,194,196,172,147,153,141,134,118,130,124,113,118,112,107,113,103,90,110,94,102,83,99,102,101,74,114,105,92,103,84,79,111,83,93,105,93,103,123,108,107,149,154,176,246	6802910	12755,4783,3100,2410,1955,1642,1376,1209,1102,978,865,777,738,718,612,627,569,543,486,512,476,419,415,412,358,345,347,333,341,320,318,296,298,298,302,280,311,265,287,268,279,260,286,264,274,251,290,272,296,286,275,323,352,361,352,458,460,573,728	46365217
1	2876,1255,861,651,559,493,428,371,348,309,260,222,236,235,193,201,206,134,135,170,161,118,116,126,134,100,134,94,110,127,90,82,115,85,84,87,102,110,103,78,118,115,90,109,85,64,90,81,92,100,100,95,141,100,93,155,150,194,251	6839933	13175,4835,3144,2409,1934,1628,1394,1330,1130,993,869,778,773,673,636,628,547,514,476,565,494,416,410,434,362,357,392,325,343,316,309,292,310,318,293,278,320,289,282,285,275,273,262,290,278,243,259,264,314,286,278,316,395,361,334,433,451,603,745	46726515
2	2877,1296,921,731,589,483,393,354,361,324,248,236,211,276,192,201,195,180,146,151,148,141,107,131,115,130,127,119,122,98,102,82,103,111,114,91,109,105,93,66,91,119,83,99,79,82,126,87,97,108,92,109,139,98,100,150,152,163,239	6891867	12973,4915,3251,2430,2012,1631,1380,1218,1081,1051,856,836,740,787,599,604,571,556,497,534,477,431,418,409,355,367,377,375,378,303,323,307,290,317,322,295,333,265,281,288,262,248,285,259,278,288,308,272,299,290,264,340,388,365,393,470,453,571,732	47079891
3	2840,1226,815,679,574,558,442,314,380,312,277,214,231,253,181,198,196,155,157,153,153,150,124,124,98,115,161,102,98,110,90,92,107,103,106,69,91,89,111,69,124,105,93,96,74,85,130,72,81,119,80,89,127,96,108,144,163,177,213	6851418	12711,4775,3070,2413,1995,1677,1420,1186,1065,1048,877,770,736,704,567,650,533,554,502,530,494,485,420,424,334,374,399,320,352,334,303,316,303,320,308,270,316,249,291,271,295,268,290,256,263,284,308,256,279,300,262,319,369,360,343,463,432,553,726	46597249
4	2847,1211,819,727,524,469,392,364,331,307,232,237,207,207,211,190,196,159,152,130,183,149,126,147,120,117,136,99,90,108,113,77,113,75,113,81,102,87,106,83,108,99,89,90,83,92,112,86,105,100,92,110,104,128,117,158,169,188,238	6786885	12717,4725,3080,2541,1913,1613,1395,1191,1085,1010,889,745,755,693,648,614,542,496,496,486,522,422,433,441,389,363,380,353,350,301,303,301,315,282,338,252,312,252,306,275,272,263,296,253,279,229,294,282,313,274,287,327,323,376,376,460,479,579,737	46195774
5	2967,1281,839,705,537,474,384,321,344,338,257,225,228,243,189,165,227,202,150,148,134,153,139,155,125,113,98,108,116,102,96,91,115,97,102,81,109,100,76,67,118,107,73,114,93,82,110,82,90,84,86,97,108,101,117,153,154,182,261	6736775	12947,4848,3099,2369,1886,1669,1332,1203,1088,1016,902,769,704,706,583,588,588,526,479,481,479,426,420,446,369,342,310,328,335,324,289,318,290,320,310,257,303,235,238,257,296,266,277,270,279,255,268,257,278,247,263,339,313,365,354,461,463,548,747	45820134
6	2872,1320,838,700,561,525,399,365,338,348,251,212,234,223,216,182,186,167,172,144,124,147,114,114,123,134,112,115,106,108,99,89,98,87,93,84,82,96,108,83,121,116,87,89,80,81,111,78,94,113,103,122,127,119,133,156,154,171,246	6798807	12854,4894,3144,2403,1918,1696,1397,1297,1090,1046,850,730,732,702,630,613,546,555,555,515,479,446,421,396,348,351,355,335,335,325,309,281,279,298,274,282,288,278,315,303,281,279,295,253,257,248,297,265,285,280,273,334,356,357,395,463,480,566,744	46403462
7	2799,1295,844,669,531,481,383,392,326,325,255,230,217,229,191,183,169,155,146,154,135,141,120,117,132,112,124,112,107,133,111,92,99,102,105,63,109,132,117,65,106,87,93,112,85,84,128,82,68,115,94,102,131,82,110,159,172,168,244	6844185	12775,4797,3123,2420,1961,1635,1355,1257,1115,1032,878,808,725,720,634,635,551,504,483,505,467,466,450,386,355,326,356,336,361,333,302,303,293,323,325,271,316,284,336,241,271,224,274,278,271,245,300,259,266,308,288,319,343,339,343,468,491,552,731	46725631
8	2896,1232,831,673,580,494,417,372,331,289,274,229,258,266,203,189,193,179,147,156,128,130,126,135,107,117,105,105,93,105,108,102,132,101,104,83,89,97,86,72,105,111,59,104,67,81,124,90,81,107,106,88,122,99,100,153,153,176,248	6785216	12812,4812,3149,2349,2000,1637,1378,1255,1070,993,902,818,756,730,635,609,574,581,516,471,465,409,427,402,303,351,302,326,331,296,326,319,333,317,297,308,293,281,301,267,242,278,253,252,262,257,303,291,290,275,284,286,358,335,334,437,445,611,738	46129000
9	2822,1207,809,721,504,454,364,318,311,335,230,220,222,213,187,215,217,148,150,134,147,134,110,126,125,109,106,115,113,117,90,78,99,89,113,81,97,121,101,78,111,109,83,113,72,84,106,92,89,110,71,95,107,92,111,154,125,211,254	6740182	12747,4678,3031,2463,1992,1553,1315,1146,1023,1034,781,751,718,661,571,639,615,543,492,514,470,415,426,403,331,345,319,363,326,317,300,279,293,288,327,274,286,296,259,289,280,270,285,303,265,254,300,266,286,283,247,315,334,331,345,472,435,604,775	45912303
10	2794,1284,853,688,537,474,362,363,304,325,232,258,246,249,181,197,198,160,136,117,134,134,110,120,127,126,142,103,125,109,120,89,122,97,103,82,85,105,91,80,100,109,101,122,96,91,109,82,77,107,85,108,121,119,98,172,174,190,258	6758109	12787,4878,3127,2414,1902,1550,1352,1232,1083,1031,851,785,733,728,599,665,558,525,491,466,459,400,395,392,367,351,374,331,349,327,335,310,343,307,321,266,316,275,315,287,264,235,314,285,291,257,296,289,265,284,304,290,324,361,357,484,483,579,722	46172342
11	2817,1279,837,715,544,498,418,335,335,340,281,217,233,247,207,207,218,193,149,157,126,132,127,152,102,119,122,106,106,103,114,108,112,99,94,90,104,97,107,62,110,93,85,111,72,78,127,89,94,130,117,111,104,99,104,160,170,160,227	6833086	12947,4860,3172,2502,1964,1650,1405,1263,1102,976,896,768,753,740,651,685,555,572,502,526,498,429,462,449,330,370,363,327,348,301,375,336,321,315,270,304,303,278,290,264,290,252,285,286,259,251,307,260,300,297,301,317,329,348,347,498,491,520,739	46780768
12	2903,1249,855,681,546,502,406,330,354,308,265,217,232,228,192,200,199,171,164,133,126,128,140,129,148,118,113,102,90,102,93,95,103,90,109,72,116,86,108,61,110,118,113,112,88,80,110,79,88,126,101,85,118,113,98,146,174,190,228	6848557	13107,4760,3206,2387,1999,1649,1340,1176,1100,1014,924,783,746,743,605,613,566,553,569,489,463,391,442,434,393,345,327,320,304,298,295,318,290,316,302,272,370,238,294,277,273,270,297,283,258,257,277,269,303,292,255,314,329,396,354,459,490,590,739	46722017
13	2834,1257,845,704,614,543,408,342,346,316,245,225,243,242,207,207,213,192,126,153,111,149,135,136,133,121,111,109,87,108,91,89,103,104,108,86,110,102,98,68,111,105,96,103,93,85,101,91,102,115,83,104,121,104,104,145,165,199,223	6876248	12845,4857,3170,2523,2056,1762,1376,1241,1060,1005,859,807,767,737,670,618,602,570,479,515,458,459,471,418,367,356,324,316,305,292,309,289,310,322,319,265,305,273,303,275,305,254,304,272,309,241,295,291,306,296,272,312,350,378,345,454,485,592,715	46950510
14	2851,1278,802,662,557,506,435,300,333,313,241,238,238,235,196,232,238,190,139,146,126,137,113,124,122,119,124,107,99,125,83,92,114,97,113,82,113,97,112,77,105,111,92,108,78,63,106,82,93,104,101,111,114,109,107,158,161,178,250	6816935	12825,4824,3118,2396,1970,1698,1452,1144,1124,985,849,779,733,790,602,721,641,595,495,505,459,439,426,398,360,386,362,351,330,332,265,314,318,294,328,308,327,261,293,273,262,269,297,274,261,254,266,270,291,279,289,340,346,359,341,467,451,532,738	46472556
15	2911,1366,826,689,581,489,398,355,353,313,241,222,220,233,205,225,185,175,145,142,137,131,103,135,104,119,117,115,100,106,115,90,115,87,87,83,93,105,93,79,109,104,103,116,75,73,113,104,90,119,101,89,137,97,111,153,163,170,264	6837807	12957,4856,3076,2378,2028,1654,1376,1235,1135,1004,787,811,704,695,673,684,523,564,490,464,442,440,417,406,327,349,354,327,346,313,331,308,313,300,287,275,317,274,286,289,269,250,305,292,265,232,303,307,267,318,286,295,382,317,361,486,479,572,796	46612972
16	2839,1331,857,704,566,500,413,358,349,300,276,203,231,234,216,201,202,184,145,151,133,146,114,153,133,120,119,122,95,101,87,91,106,91,100,85,95,118,118,85,101,107,74,116,86,82,117,74,97,140,91,101,124,101,113,167,146,164,201	6860691	12889,4946,3107,2395,1956,1639,1364,1176,1084,967,880,753,753,761,638,647,605,553,480,517,462,444,450,413,350,386,356,344,353,312,321,303,321,296,341,272,294,273,311,271,259,271,268,274,268,256,280,266,318,295,286,333,377,367,348,488,477,572,677	46615202
17	2940,1302,767,646,582,508,408,359,362,348,246,264,236,224,167,202,207,208,146,151,130,143,130,144,134,130,147,116,131,104,100,69,100,110,100,74,93,100,104,80,92,104,98,119,88,79,102,93,94,102,109,106,122,96,113,143,171,171,243	6781574	12776,4779,2907,2349,1961,1660,1406,1259,1130,1072,814,882,738,770,592,641,593,556,479,492,466,430,416,451,370,360,385,346,375,325,292,279,310,307,315,289,275,255,309,258,244,271,323,274,285,259,265,267,314,315,299,331,341,365,329,409,467,553,675	46250608
18	2754,1285,871,736,542,467,424,339,323,302,251,238,224,213,197,199,185,157,170,175,129,153,113,125,126,126,125,119,109,101,107,73,94,97,114,74,103,101,108,76,128,118,105,117,96,81,113,84,93,99,92,107,128,101,114,167,157,172,249	6868840	12668,4851,3142,2527,2021,1597,1456,1212,1075,1026,849,792,743,662,610,624,588,535,518,529,454,435,428,395,372,364,367,315,361,317,336,252,274,308,318,274,312,271,293,273,303,286,310,277,272,242,309,273,300,271,284,339,364,368,362,450,434,536,765	46785707
19	2761,1208,861,657,522,466,403,338,321,300,266,224,243,202,162,195,178,167,154,148,149,134,101,149,128,123,111,103,88,97,98,97,111,84,113,73,109,112,99,79,106,106,87,87,79,77,102,81,96,96,101,100,113,124,121,185,148,192,220	6734554	12609,4724,3038,2275,1854,1626,1395,1230,1043,951,872,745,791,673,579,646,525,572,496,502,447,412,392,437,366,354,340,300,323,304,302,316,274,311,301,298,317,262,286,271,287,255,271,236,278,270,271,281,312,304,254,334,345,402,368,505,429,598,714	45735810
20	2803,1242,812,699,539,497,382,353,340,301,239,222,243,211,192,204,178,161,149,152,145,131,100,120,129,121,121,99,103,84,104,86,122,101,97,79,116,99,90,84,115,95,97,82,95,78,106,98,103,92,117,87,125,114,89,127,162,174,288	6757626	12642,4665,3086,2432,1990,1642,1345,1178,1081,962,841,756,765,667,644,626,534,512,506,516,448,441,420,416,358,361,364,332,343,286,305,296,303,278,292,286,312,274,272,283,280,262,278,248,281,246,310,280,294,267,320,322,347,359,349,431,477,542,764	46107494
21	2834,1288,862,703,581,475,432,332,300,293,272,230,216,223,202,170,175,162,150,163,138,127,120,123,133,103,125,130,98,113,110,107,108,101,92,87,102,107,89,75,127,104,100,97,84,76,97,96,97,102,100,93,129,125,111,162,153,165,241	6765697	12639,4892,3130,2429,2037,1629,1335,1156,1016,922,882,757,734,725,654,603,575,550,482,532,496,430,399,423,381,336,334,347,329,312,348,312,282,264,278,293,292,270,263,251,276,264,270,265,268,263,289,292,311,291,301,333,393,386,349,505,499,547,728	46160780
22	2906,1222,835,740,578,516,410,363,329,268,270,214,220,265,167,194,191,188,142,144,139,142,110,123,133,135,140,104,114,106,102,94,109,107,114,75,112,100,95,65,110,115,99,89,77,89,115,86,89,95,80,95,117,109,115,158,136,166,212	6809535	12934,4761,3120,2537,1925,1610,1343,1184,1079,907,904,736,726,729,576,646,546,560,494,503,472,397,427,367,370,356,366,325,329,318,326,267,304,287,322,278,308,269,275,251,256,271,280,237,256,260,285,232,272,281,246,298,380,373,339,472,443,557,729	46420127
23	2796,1248,779,636,555,500,400,297,358,275,271,220,211,243,200,208,206,162,124,156,145,141,125,121,111,108,101,122,106,108,93,79,92,92,111,74,90,104,101,80,119,104,82,120,90,73,110,68,71,96,110,99,129,109,101,160,157,170,268	6757839	12561,4846,2957,2320,1918,1580,1418,1138,1099,921,814,768,736,745,623,629,578,537,475,501,449,415,387,398,368,332,322,334,320,317,333,262,275,299,340,273,283,262,277,270,310,252,295,294,251,272,276,261,277,279,292,315,346,359,332,481,468,586,695	46067500
24	2878,1254,860,727,583,496,387,333,379,321,276,217,220,225,197,196,192,158,164,125,163,120,108,128,117,117,126,122,98,114,105,87,103,89,106,83,85,88,119,73,120,103,86,103,63,76,131,89,91,104,109,77,117,103,114,131,161,181,243	6757812	12730,4719,3150,2393,2014,1669,1377,1176,1136,961,914,731,751,711,629,614,590,550,479,470,517,412,401,389,347,349,375,352,348,311,320,296,293,288,288,253,283,243,323,280,266,246,272,261,237,267,311,274,294,289,281,313,357,355,341,445,476,575,721	46000311
25	2878,1283,865,684,559,489,433,366,316,304,269,228,248,232,238,205,205,168,145,164,138,132,117,140,144,111,116,118,107,114,96,89,123,101,105,77,81,113,96,79,104,119,107,104,97,79,121,75,94,112,107,89,144,98,118,162,143,180,237	6831854	12834,4829,3111,2519,1944,1641,1460,1231,1088,1011,889,773,782,751,651,622,592,574,461,531,466,405,444,431,365,354,346,344,352,352,282,293,337,310,316,268,278,281,275,269,249,283,321,276,321,258,315,264,319,288,297,289,361,340,342,485,460,572,790	46500689
26	2915,1284,860,690,575,521,394,331,347,289,268,241,232,220,176,214,208,168,161,133,126,120,123,124,116,94,129,119,106,105,111,90,96,89,106,82,96,109,112,67,109,121,89,116,96,73,109,77,99,88,91,102,118,114,106,131,166,176,258	6803789	12653,4764,3107,2329,2064,1655,1339,1202,1115,937,896,757,749,689,623,697,589,494,511,506,461,394,418,386,361,321,326,343,310,294,328,299,290,293,313,286,291,265,301,238,272,284,267,279,269,242,264,263,312,251,263,310,343,346,372,435,459,586,720	46295901
27	2928,1242,842,703,599,484,422,350,382,292,298,240,254,225,177,190,205,181,149,179,134,164,113,140,127,123,120,122,123,116,103,81,96,84,104,80,106,113,105,70,120,100,97,114,71,77,122,79,94,112,75,107,137,114,116,166,161,178,248	6864612	12970,4784,3097,2457,2066,1633,1391,1281,1142,987,880,760,774,728,579,630,550,552,489,548,472,470,420,429,392,351,339,388,371,327,327,287,292,267,295,267,318,284,293,267,294,251,280,288,248,271,290,253,291,291,264,351,353,378,392,461,456,560,758	46812834
28	2817,1314,815,675,527,455,391,312,325,302,217,241,210,235,177,189,206,158,134,152,166,147,133,127,124,128,115,93,114,112,105,95,99,71,114,79,95,99,112,79,113,105,97,99,80,77,96,86,78,96,101,98,125,115,106,157,132,175,259	6754551	12827,4789,3093,2372,1935,1539,1302,1127,1107,949,842,785,702,714,626,602,562,493,492,504,501,387,425,385,341,362,339,304,355,302,312,279,296,287,291,295,337,267,298,263,278,253,263,267,251,235,282,261,293,281,283,294,358,357,320,463,459,584,741	46123228
29	2922,1274,883,713,589,442,429,321,349,348,235,211,245,235,178,198,202,186,132,153,133,120,113,159,113,100,126,113,104,108,94,90,105,92,97,79,109,99,102,84,138,108,82,104,100,51,126,86,85,111,101,110,136,96,95,143,170,165,250	6837810	13137,4959,3168,2421,1979,1589,1418,1187,1183,987,794,798,795,712,621,650,593,618,474,520,439,422,421,453,368,325,327,327,351,294,325,289,287,304,315,278,330,235,316,286,305,238,263,264,291,251,319,255,289,298,300,317,388,354,316,446,511,632,758	46682875
30	2868,1295,829,622,581,538,398,322,371,327,272,209,245,245,184,195,197,187,153,162,160,128,119,158,115,103,119,112,96,104,102,85,100,103,95,84,93,82,98,80,118,96,94,103,93,77,136,89,107,114,87,92,124,109,106,143,139,182,249	6752905	12785,4798,3091,2315,1996,1719,1425,1234,1132,999,894,743,730,691,595,614,565,559,509,513,495,416,421,466,352,328,336,327,319,305,293,267,271,298,288,308,299,240,294,253,305,258,282,267,270,250,328,276,310,307,266,294,326,388,329,444,438,586,738	46144541
31	2892,1285,832,693,572,461,371,326,320,292,268,252,220,217,224,176,176,173,133,140,141,110,113,110,117,119,116,99,116,114,102,103,118,99,86,96,90,98,91,73,112,99,91,105,87,77,110,75,94,110,97,87,138,110,109,180,154,195,267	6812521	12649,4856,3033,2437,2036,1617,1351,1157,1121,973,871,829,749,683,616,638,563,521,502,484,454,410,413,409,340,344,331,317,347,333,318,305,292,295,304,310,284,279,267,279,273,266,267,267,296,255,284,268,327,292,260,310,361,338,341,491,436,609,740	46403667
32	2871,1268,771,692,482,514,407,331,341,313,277,233,212,214,195,192,200,198,155,148,157,123,122,155,120,116,100,98,104,121,94,99,113,87,112,80,97,90,93,86,115,93,89,116,81,80,125,77,93,98,93,88,139,102,106,148,134,187,238	6785538	12801,4869,3025,2425,1914,1641,1376,1208,1109,964,916,757,718,705,642,619,587,598,490,488,508,407,415,427,368,350,329,310,318,358,330,307,278,268,302,282,321,246,307,276,278,252,313,273,285,239,299,250,313,269,275,317,364,398,352,477,450,602,718	46092486
33	2837,1231,834,692,544,479,398,352,333,326,270,226,223,228,172,200,224,151,176,170,149,140,110,155,122,134,136,113,117,113,104,93,108,93,101,77,111,91,82,72,104,103,94,120,94,92,105,72,111,92,103,109,118,104,122,154,159,166,269	6843706	12578,4857,3184,2445,2027,1646,1416,1183,1128,938,873,729,792,729,574,629,581,523,531,551,484,408,447,426,313,355,360,338,351,337,343,272,288,314,297,254,296,242,282,265,276,264,293,278,276,264,255,279,334,290,271,332,335,364,382,474,502,580,775	46601805
34	2922,1205,823,715,552,466,418,368,349,321,266,226,199,237,208,205,175,174,159,151,155,153,131,113,99,119,156,106,119,113,83,89,100,91,93,80,108,86,86,78,133,124,99,92,78,90,88,87,82,128,81,110,109,102,96,132,160,176,233	6770326	12752,4686,3048,2471,1944,1570,1393,1246,1085,997,858,790,692,719,640,625,525,548,490,496,478,471,413,377,334,337,394,320,371,330,299,329,261,283,294,277,330,226,258,259,295,285,286,238,264,254,249,269,319,321,267,313,356,337,334,431,454,563,721	46200823
35	2862,1202,830,692,491,494,414,346,379,336,280,214,229,225,205,176,189,181,142,178,154,145,123,127,120,130,119,119,91,121,94,94,113,111,109,87,105,118,94,72,110,92,105,106,93,81,109,81,83,94,100,106,97,104,109,120,163,188,235	6721868	12926,4677,3043,2394,1851,1603,1341,1166,1153,993,860,752,776,714,613,645,585,529,486,520,502,433,415,418,352,361,321,327,345,325,295,293,285,300,329,276,353,274,284,268,263,241,296,253,287,227,291,256,292,284,260,328,317,367,356,429,505,595,771	45792014
36	2877,1326,847,667,553,504,424,345,353,305,229,222,211,237,187,209,225,188,148,158,135,143,99,130,113,114,123,120,121,106,111,113,115,71,105,92,90,96,109,71,108,100,91,105,81,82,128,88,80,86,93,92,117,103,101,125,159,162,236	6889228	12922,4826,3233,2385,1963,1644,1421,1225,1109,957,857,725,692,714,613,630,575,572,482,518,498,438,372,405,359,322,356,336,368,309,324,330,310,275,330,285,296,258,291,234,275,274,295,274,282,278,303,268,269,248,249,288,327,319,329,441,465,546,692	46953595
37	2801,1307,812,748,549,506,404,310,323,317,252,215,227,240,187,194,191,165,151,145,144,150,152,116,132,107,112,128,94,108,94,78,93,89,114,83,96,118,99,71,94,113,93,103,93,80,126,89,101,128,88,123,118,90,105,168,162,200,257	6814343	12769,4898,3054,2484,1916,1652,1408,1185,1083,1000,883,775,709,714,571,608,556,569,472,505,472,435,461,370,352,363,328,338,320,337,311,270,266,296,334,291,314,310,302,264,275,255,294,265,278,272,313,276,323,304,258,370,375,338,353,455,479,572,734	46512151
38	2801,1223,801,674,529,502,407,350,371,305,246,223,229,246,194,200,209,169,120,163,133,119,107,116,110,123,114,124,98,103,114,94,108,86,81,71,104,115,105,77,113,92,91,103,91,71,103,85,92,97,92,102,125,99,120,130,175,184,254	6832790	12570,4750,3014,2394,1926,1588,1384,1242,1105,975,834,769,707,698,558,626,588,556,455,528,438,417,427,385,368,337,362,316,338,318,376,288,302,266,274,262,316,265,293,271,271,228,269,246,296,240,270,270,291,286,275,297,389,347,350,444,500,573,756	46531538
39	2941,1209,856,709,536,466,415,371,330,328,260,255,225,230,190,202,198,173,131,139,138,129,116,127,143,126,120,105,110,111,98,107,119,108,107,75,90,99,106,73,103,77,98,99,77,80,121,91,103,99,113,105,115,120,106,153,134,186,238	6743235	12967,4768,3086,2340,1908,1592,1399,1255,1091,1030,905,810,724,713,604,636,614,559,499,460,463,395,413,398,377,338,376,318,321,295,308,295,313,291,290,290,286,244,291,254,234,228,284,249,280,226,290,271,320,299,275,322,311,371,367,440,458,595,712	45977764
40	2852,1226,828,707,571,531,414,318,324,302,284,207,227,237,190,198,183,166,169,150,142,101,119,140,123,120,127,108,106,121,112,95,114,105,114,84,96,131,83,78,122,101,90,95,94,66,100,89,92,84,93,105,128,111,97,160,159,184,240	6749052	12786,4775,2977,2327,1987,1700,1388,1185,1064,908,874,740,740,682,582,623,584,518,503,485,491,402,409,420,364,350,355,328,339,325,347,303,285,290,318,270,304,289,265,250,290,246,273,243,281,225,269,264,286,228,299,328,348,366,338,465,464,605,748	45965146
41	2895,1205,873,662,509,484,435,371,333,323,228,215,236,220,198,204,198,155,132,120,134,133,100,127,120,110,140,113,103,101,111,98,110,89,113,91,103,119,117,69,100,109,86,111,88,86,100,73,94,95,108,91,123,121,128,154,151,174,215	6831184	12916,4791,3088,2399,1880,1631,1466,1228,1101,975,826,735,763,711,603,635,557,525,468,469,451,412,374,379,363,337,389,349,338,322,346,328,310,309,305,277,315,263,304,238,251,278,273,289,273,252,287,255,309,271,299,309,349,350,357,488,446,548,716	46552931
42	2765,1216,837,699,527,470,424,344,336,312,244,217,232,222,194,185,197,168,154,166,135,139,121,117,130,110,112,118,121,112,103,97,126,97,94,77,113,86,102,76,99,107,97,104,80,90,116,74,76,97,93,108,117,113,111,145,145,178,243	6679739	12583,4658,3111,2452,1913,1626,1412,1213,1094,951,819,745,715,699,633,597,565,550,503,479,468,401,439,409,375,357,319,351,338,347,274,288,335,294,291,284,329,245,271,290,291,243,293,249,255,262,308,261,266,269,284,334,316,355,336,455,414,551,673	45591957
43	2793,1252,804,693,503,492,394,352,370,319,282,212,240,217,201,207,195,177,149,153,141,145,110,104,114,112,107,113,109,103,110,85,101,82,109,75,117,120,93,68,102,109,94,111,86,82,106,75,92,97,118,98,134,99,106,139,144,157,219	6823942	12861,4812,2954,2395,1889,1669,1424,1234,1090,1017,886,725,749,710,664,645,587,587,495,506,478,426,418,364,335,334,335,320,352,307,325,282,296,289,277,276,323,262,278,254,246,279,283,264,263,277,275,269,280,276,289,327,384,338,350,480,452,574,745	46603361
44	2841,1255,827,702,581,490,391,328,348,333,250,246,247,225,184,195,197,189,158,164,145,142,104,144,131,99,123,104,104,114,109,96,122,78,101,76,108,98,126,72,109,104,95,104,76,66,110,97,89,102,85,99,135,115,107,140,136,166,256	6755179	12777,4834,3007,2331,1993,1677,1352,1155,1024,963,831,837,796,666,551,619,575,563,503,529,481,431,433,467,366,332,373,322,355,326,326,289,312,264,308,288,302,253,301,278,272,263,272,273,263,239,276,323,298,276,268,314,348,345,352,442,445,524,715	46082685
45	2777,1224,827,724,547,498,415,315,390,314,257,208,226,231,220,223,200,173,174,170,142,123,106,113,116,123,146,85,102,103,110,91,121,91,100,68,97,102,103,62,126,111,97,93,95,72,107,88,83,97,80,94,127,105,109,144,170,219,249	6806850	12947,4750,3207,2419,1917,1688,1412,1184,1158,993,851,715,714,681,617,644,569,564,517,553,480,425,395,396,366,364,374,321,343,310,347,294,307,290,305,252,318,255,269,231,301,275,293,255,276,241,277,276,271,277,246,302,335,372,354,460,475,626,762	46365433
46	2871,1252,765,676,533,491,434,345,331,285,236,255,218,228,184,214,181,185,160,157,158,134,120,140,118,115,124,105,117,110,101,83,128,89,99,92,111,115,69,77,116,105,96,105,93,83,104,81,78,110,102,95,116,111,102,140,166,185,233	6771269	12863,4770,2951,2281,1909,1539,1370,1173,1084,1033,810,769,703,720,596,684,537,540,485,499,475,416,421,404,336,398,352,336,332,313,316,296,298,288,290,276,305,289,251,301,278,252,281,248,277,243,265,256,286,276,278,321,338,369,324,454,460,565,716	46169638
47	2921,1232,850,679,566,524,422,343,340,291,248,255,236,242,185,186,214,167,145,166,154,138,106,142,120,105,110,106,96,132,89,80,119,107,98,86,110,120,108,74,148,123,79,107,92,88,112,77,92,105,80,116,102,101,117,136,155,176,226	6792143	12808,4736,3120,2387,1937,1651,1396,1266,1144,975,820,807,754,699,562,616,601,538,483,503,519,407,391,397,356,321,331,316,324,321,299,249,324,312,322,258,334,291,284,267,333,286,276,249,293,296,287,268,290,292,265,316,297,344,342,446,451,576,728	46266609
48	2818,1250,870,637,573,454,393,355,331,312,250,216,216,244,187,194,210,156,171,152,132,135,112,112,102,92,106,117,103,145,98,80,86,102,105,73,96,110,95,78,127,105,93,113,85,83,98,67,81,103,109,95,124,112,107,120,136,174,252	6733536	12500,4730,3122,2234,1960,1639,1370,1197,1076,969,838,791,717,751,606,658,586,557,539,533,505,393,405,390,353,347,323,353,330,388,340,276,263,280,283,287,325,272,278,269,305,264,272,293,266,251,288,239,268,291,282,295,338,343,343,397,408,533,717	45983849
49	2867,1242,826,683,562,499,421,379,342,300,261,231,213,239,205,192,212,171,129,167,143,148,122,148,132,105,116,117,107,129,121,91,107,111,100,72,98,98,105,70,105,125,93,105,79,81,111,72,88,98,79,115,105,97,137,191,153,176,229	6821095	13040,4858,3202,2331,1997,1588,1363,1182,1113,955,891,779,734,719,634,641,571,563,477,537,477,454,404,391,374,360,407,317,318,354,345,270,292,325,303,275,315,261,285,257,272,269,326,262,288,268,277,253,313,299,262,351,322,391,369,545,481,564,719	46505116
50	2881,1252,816,680,528,497,395,343,371,299,233,212,224,218,179,187,172,184,161,162,133,131,125,142,131,136,107,126,122,131,96,86,129,68,120,75,103,100,104,86,122,105,103,78,80,89,129,78,94,101,79,136,136,102,133,132,168,201,258	6763817	12776,4801,3074,2332,1940,1655,1413,1210,1137,954,849,795,725,680,597,632,543,545,491,556,529,439,413,461,327,396,349,349,358,337,312,311,332,280,312,277,327,266,275,282,298,290,295,230,250,238,291,240,291,306,284,380,355,376,362,450,457,569,752	46087782
51	2871,1247,870,721,510,480,429,382,335,299,285,219,224,238,198,201,188,189,158,124,126,152,107,143,100,119,115,106,108,103,92,100,104,92,80,95,107,91,91,66,123,111,89,104,75,84,115,78,99,119,95,107,114,119,96,141,180,171,231	6815004	12808,4822,3197,2465,1991,1691,1431,1222,1081,1016,887,725,725,707,638,689,554,548,524,493,445,441,413,450,322,321,324,331,317,308,312,325,292,288,278,264,318,230,290,258,287,277,276,273,270,247,313,256,305,304,274,335,352,360,367,455,486,570,735	46388652
52	2820,1259,878,710,547,464,394,342,351,333,254,234,230,256,202,201,204,190,155,168,140,116,128,104,115,129,116,117,113,117,97,90,131,112,116,94,94,99,96,63,96,106,94,108,88,94,94,95,103,91,76,108,132,104,119,143,163,178,258	6845178	12709,4844,3252,2516,1961,1619,1336,1195,1076,1018,897,804,702,776,659,639,561,539,522,543,467,409,432,386,333,369,349,365,354,333,341,295,310,315,315,313,298,260,293,270,240,288,278,290,292,273,302,286,338,276,235,370,372,365,356,451,465,604,790	46644256
53	2872,1299,847,646,551,524,449,313,329,286,278,224,211,231,202,175,178,161,132,156,143,124,112,124,125,100,113,117,104,110,102,98,89,79,95,71,113,117,108,72,127,107,81,106,73,78,113,78,94,84,88,107,115,113,125,156,147,184,242	6747987	12800,4700,3104,2353,2023,1656,1402,1196,1056,979,931,772,737,696,638,577,563,533,463,520,448,404,406,409,380,310,327,296,361,281,333,295,257,301,283,302,316,265,297,294,285,252,255,276,246,276,280,269,297,246,289,325,347,354,396,460,430,583,707	46085630
54	2772,1267,753,707,548,498,428,347,357,290,256,215,235,230,181,172,178,162,152,161,140,135,98,132,113,103,116,103,105,114,102,101,117,104,106,90,102,111,102,78,110,89,105,106,69,77,112,86,106,103,94,109,116,95,89,150,156,192,260	6728625	12757,4778,3005,2486,1877,1656,1341,1223,1123,988,858,757,760,700,615,637,535,535,503,501,461,406,424,433,322,343,360,329,345,339,313,304,300,266,329,269,322,272,279,272,287,242,342,259,247,248,297,281,332,250,268,326,324,333,341,463,479,558,726	45853087
55	2808,1252,870,702,533,523,416,326,370,300,231,213,221,245,191,183,215,176,146,160,146,145,118,144,136,104,108,104,88,125,114,79,111,81,105,81,87,87,91,72,117,120,94,110,90,92,126,75,91,116,101,115,121,102,118,167,154,173,239	6799768	12891,4780,3125,2388,1968,1707,1407,1216,1088,990,812,722,701,691,585,565,547,541,466,517,462,460,387,446,366,328,324,304,340,336,337,285,315,269,311,286,290,232,249,236,284,294,281,264,258,256,263,253,298,314,304,342,355,364,359,455,434,586,730	46316845
56	2973,1243,883,722,533,476,422,373,316,301,313,232,233,251,189,180,196,183,150,136,143,136,132,123,108,111,117,121,95,131,94,91,110,103,99,90,93,91,93,67,123,87,98,122,93,72,108,92,100,101,84,95,111,95,99,163,135,163,269	6806446	12829,4743,3223,2558,1917,1594,1402,1248,1070,1007,918,812,735,793,606,582,565,540,511,497,471,432,409,456,319,346,358,373,326,338,296,303,320,296,294,275,292,251,282,243,310,226,272,281,310,240,270,262,308,298,273,336,345,358,326,503,440,603,771	46528046
57	2780,1270,750,649,550,498,339,379,351,298,222,226,250,253,176,176,216,142,150,158,133,115,116,141,119,105,127,107,115,112,123,98,105,103,110,85,94,89,107,64,104,107,93,94,88,76,126,73,94,111,97,110,114,100,139,137,137,169,257	6732892	12868,4683,2938,2301,1951,1655,1272,1250,1106,957,868,782,757,722,589,626,568,511,517,507,467,380,428,444,373,363,374,312,339,305,345,299,293,326,323,301,266,270,291,257,294,275,282,252,277,246,302,263,291,284,299,310,350,345,363,456,423,565,720	46061810
58	2764,1275,819,670,576,499,448,355,357,313,278,242,218,218,215,199,192,153,143,130,145,122,124,118,145,103,104,117,105,79,98,83,100,97,90,76,112,105,91,60,132,100,113,113,71,85,113,78,89,104,95,105,128,122,109,143,170,169,242	6832581	12618,4825,3167,2470,1988,1627,1376,1202,1143,980,900,794,674,690,640,620,571,527,486,521,492,409,402,393,384,323,346,316,327,254,304,304,304,348,271,254,331,269,272,287,294,268,321,285,241,258,291,242,298,303,277,314,362,353,352,457,508,540,680	46609195
59	2815,1218,831,674,551,505,440,378,336,290,250,258,238,248,186,199,184,164,145,175,149,128,117,140,124,127,122,111,113,137,104,91,125,102,105,76,91,96,94,72,133,114,95,91,83,48,114,83,90,109,104,81,120,105,99,152,163,185,231	6773059	12785,4759,3231,2422,1935,1679,1425,1259,1112,972,802,817,732,767,604,601,549,537,508,525,483,397,417,397,358,355,357,371,345,332,317,283,294,312,296,261,307,269,295,282,307,274,321,248,284,238,281,263,297,289,297,288,347,337,373,450,459,592,723	46105542
60	2693,1318,836,688,556,487,428,346,321,273,277,236,233,222,188,162,172,172,150,168,138,124,120,111,113,102,113,111,98,107,104,85,113,114,80,78,103,118,95,60,109,131,86,87,79,76,118,84,103,119,84,93,133,104,120,139,171,176,230	6778321	12661,4822,3162,2364,1967,1598,1406,1241,1108,954,873,747,751,717,568,596,525,539,497,516,465,397,408,400,340,326,347,302,327,329,321,302,286,326,283,270,314,310,260,260,268,288,278,256,259,235,301,278,292,297,265,345,360,315,383,455,457,607,761	46277340
61	2819,1296,805,710,524,508,396,314,314,269,249,233,232,234,176,204,198,194,158,172,141,130,119,123,130,119,134,110,98,124,108,84,113,93,101,77,88,101,116,66,117,106,96,88,93,78,113,104,103,99,91,103,123,106,137,149,141,180,258	6765815	12653,4806,3009,2383,1900,1629,1371,1188,1065,923,885,784,709,717,582,642,574,584,528,523,455,423,382,399,359,362,350,316,321,297,321,306,304,305,316,279,305,245,303,245,268,257,275,250,277,238,271,283,291,288,285,327,352,375,393,449,443,596,775	46076340
62	2817,1268,867,712,582,533,427,379,331,300,253,197,230,250,197,189,197,183,156,159,147,133,128,138,117,117,107,103,103,113,117,105,113,97,104,74,90,110,102,72,116,101,113,110,96,66,109,87,96,93,101,100,117,112,91,146,141,197,226	6732820	12601,4646,3074,2434,1972,1698,1364,1216,1132,946,860,708,720,738,629,634,558,561,492,484,479,412,418,451,358,371,322,298,343,305,324,302,292,323,336,282,284,273,272,278,258,272,315,263,262,232,268,258,302,285,267,326,366,361,325,454,429,564,705	45974382
63	2788,1255,827,720,534,473,382,369,357,309,281,253,246,246,203,211,206,163,152,189,157,121,125,121,112,114,126,109,105,104,87,86,105,105,123,84,99,96,116,69,115,93,75,92,84,67,99,77,99,100,93,107,121,90,102,136,131,176,268	6771319	12650,4814,3020,2481,1890,1571,1358,1182,1142,954,891,815,744,695,630,642,583,538,512,547,468,417,402,438,342,321,374,318,378,325,310,299,312,302,350,298,308,254,293,255,272,238,262,254,267,238,297,237,310,280,273,338,347,345,326,447,425,583,736	46146459
64	2847,1294,794,674,579,498,410,351,343,329,271,233,227,230,204,204,207,184,166,154,150,144,113,142,132,103,135,115,111,115,92,92,105,87,91,77,101,102,105,91,124,93,82,91,91,66,118,86,79,109,85,121,124,111,109,141,162,170,222	6881855	12741,4862,3130,2330,1975,1690,1403,1216,1128,1039,855,858,783,716,643,615,596,565,524,569,498,419,394,426,381,339,366,331,371,327,294,304,308,313,292,268,319,246,307,292,290,264,283,269,257,230,312,293,315,296,280,343,339,379,344,475,482,542,701	46960436
65	2885,1231,837,693,564,511,410,375,346,306,247,221,232,216,190,210,202,197,158,157,148,155,121,122,108,131,131,111,118,115,115,82,82,95,106,96,116,89,88,70,112,101,102,80,73,68,89,92,102,102,96,96,123,129,104,143,176,165,242	6788242	12872,4805,3191,2485,1974,1618,1334,1194,1090,937,862,771,765,662,597,674,562,596,483,532,491,438,422,429,335,378,354,313,327,310,308,282,254,287,310,284,325,267,259,281,301,270,309,264,235,235,270,298,318,264,290,316,330,381,344,453,484,551,751	46398018
66	2744,1214,826,678,560,462,406,342,338,301,259,221,202,243,174,184,213,184,146,154,149,131,139,115,105,131,110,131,89,106,99,91,108,89,100,84,97,112,95,65,114,101,96,91,82,71,102,86,90,112,98,100,127,117,95,146,141,151,207	6707345	12572,4674,3102,2305,1949,1629,1324,1171,1064,946,845,764,725,732,564,613,591,537,494,536,494,444,448,349,316,360,364,372,306,323,328,280,313,310,342,256,319,300,267,248,260,262,276,240,267,243,281,246,303,306,281,316,351,365,334,437,439,544,717	45681058
67	2818,1259,827,733,524,454,421,346,346,276,260,220,214,242,181,187,188,174,165,175,146,134,138,134,117,109,113,141,104,121,100,92,105,93,113,87,95,106,101,73,100,100,91,93,90,75,110,85,103,104,79,120,142,102,118,130,172,193,282	6807149	12619,4932,3005,2487,1948,1621,1370,1231,1130,959,855,715,749,735,587,610,578,529,514,504,484,431,428,425,363,352,359,364,359,331,298,286,323,294,347,305,303,278,273,270,279,258,268,245,252,211,311,288,284,288,257,360,376,361,360,455,479,627,751	46400097
68	2841,1229,837,698,557,441,387,330,321,272,241,232,243,214,192,181,201,182,118,159,126,121,121,138,135,104,113,109,107,112,98,87,100,104,104,82,96,116,105,81,123,108,88,97,74,88,108,87,95,99,78,105,137,116,102,146,187,189,245	6777247	12686,4788,3065,2329,1826,1524,1315,1224,1141,926,838,767,751,714,589,606,574,519,473,522,449,406,439,422,368,322,353,330,337,342,323,302,290,325,318,288,288,254,297,289,292,253,302,232,270,265,290,259,312,265,247,310,372,369,320,440,529,569,732	46083139
69	2877,1313,799,749,540,472,371,350,325,299,250,203,245,256,195,192,202,174,138,145,134,138,111,133,121,98,106,118,117,121,105,100,103,104,115,79,119,99,85,54,116,109,94,102,88,84,104,69,95,94,109,105,116,115,93,138,158,173,243	6845298	12815,4781,3014,2437,1928,1545,1338,1278,1077,923,870,737,742,769,631,596,568,569,480,507,482,438,372,406,375,309,332,338,354,339,305,287,293,326,316,293,350,249,287,265,282,275,295,270,266,254,285,247,293,304,292,326,350,368,338,451,471,533,740	46668663
70	2829,1259,856,704,622,497,401,349,320,341,265,229,233,210,182,184,212,150,129,163,132,132,131,119,123,107,114,124,112,111,94,83,128,101,95,74,117,99,102,64,106,90,87,108,88,76,116,103,95,117,87,102,123,107,117,149,144,148,240	6765827	12888,4728,3108,2361,1970,1675,1365,1195,1072,977,902,804,727,691,579,597,578,527,479,499,487,454,452,403,338,331,356,374,366,302,303,291,305,303,311,265,325,256,275,262,263,272,288,270,279,232,299,266,277,277,263,334,352,365,379,474,485,563,727	46236009
71	2900,1279,782,711,562,479,393,355,342,334,252,220,229,229,164,209,218,166,146,173,144,128,123,118,118,111,119,102,110,114,105,95,118,102,121,93,104,105,100,87,93,119,109,99,77,72,102,88,97,89,67,114,112,122,118,148,162,179,220	6834180	13007,4911,3113,2466,1913,1616,1357,1206,1133,1028,862,771,693,689,557,626,597,530,502,515,515,422,439,398,362,359,320,319,359,298,319,296,291,340,298,294,344,283,313,264,248,279,318,261,256,249,301,262,248,253,254,320,334,393,354,464,483,594,664	46515253
72	2945,1228,828,752,525,523,427,324,342,320,237,231,229,229,219,193,197,154,159,170,151,148,111,110,129,114,123,114,112,131,107,96,101,104,115,74,94,103,82,81,108,104,98,99,97,78,116,89,90,102,112,116,133,110,101,153,174,179,234	6804583	13010,4811,3125,2479,1988,1685,1372,1113,1099,1010,827,759,713,694,639,635,579,513,453,513,500,438,386,408,397,350,335,331,342,325,378,314,296,318,321,269,299,274,263,250,264,259,287,248,319,249,276,276,291,291,283,347,344,359,352,444,476,567,707	46361632
73	2784,1268,817,655,538,493,408,353,343,319,217,223,237,243,180,200,186,168,156,130,139,137,106,134,121,115,121,118,107,114,109,86,110,89,90,86,99,106,108,71,104,106,112,117,88,78,124,65,91,98,104,108,118,103,99,175,156,176,253	6754545	12558,4746,3120,2296,1934,1654,1400,1240,1104,934,811,751,757,752,581,625,549,516,490,466,473,445,382,422,336,332,351,367,328,297,345,293,310,319,275,294,295,264,280,254,245,257,301,283,290,238,309,234,284,274,277,335,323,392,351,518,467,578,705	45910096
74	2822,1207,853,644,557,508,392,349,375,317,244,244,210,224,153,179,207,188,167,150,134,145,120,135,134,107,97,106,107,102,104,87,99,88,88,75,105,108,86,66,113,100,94,100,78,110,118,69,94,95,98,87,102,117,121,142,155,177,261	6801313	12772,4637,3140,2314,1918,1649,1370,1189,1149,956,824,792,682,729,579,609,597,566,524,542,478,445,421,426,370,328,340,342,333,307,345,278,281,283,273,245,316,284,287,243,263,252,277,231,266,289,280,236,300,278,303,300,339,365,379,410,490,568,747	46291477
75	2820,1336,873,706,554,521,386,367,376,306,267,198,229,235,210,172,196,188,158,141,133,124,122,133,136,125,131,120,116,96,109,82,117,82,96,85,112,102,110,75,121,102,100,98,70,59,112,97,83,104,110,110,123,98,99,128,162,157,249	6862758	12874,4899,3143,2377,1930,1664,1382,1176,1155,1010,897,754,700,771,677,652,559,549,530,550,473,416,407,382,365,368,360,346,359,330,328,288,309,285,317,292,333,265,300,282,287,262,307,222,236,256,278,293,309,267,293,320,345,308,335,417,434,536,750	46757221
76	2926,1198,884,694,568,472,397,308,364,294,244,202,224,237,214,206,213,177,175,189,137,153,119,117,115,119,137,115,110,116,115,88,115,96,107,83,103,100,119,83,112,101,115,107,80,80,117,68,81,103,116,108,121,110,114,146,149,175,229	6861574	12837,4736,3184,2388,1888,1605,1389,1165,1153,1021,881,738,754,741,647,597,564,528,547,530,501,448,438,417,355,352,370,366,309,327,328,272,330,317,324,277,312,256,299,292,281,277,310,282,248,259,310,241,296,288,303,329,342,374,369,486,424,570,685	46742440
77	2834,1242,858,691,555,439,401,334,318,318,253,218,235,238,189,181,182,155,138,168,132,113,132,144,114,101,122,95,116,108,118,93,103,106,93,65,106,113,100,83,107,89,99,126,92,88,115,79,84,108,87,104,126,120,107,147,136,168,233	6812580	12680,4808,3174,2447,2066,1594,1384,1189,1069,970,805,790,728,705,597,637,531,542,469,525,482,393,439,374,366,309,348,310,325,326,321,297,287,319,292,243,305,262,312,304,279,245,271,332,293,253,280,284,307,283,284,345,369,387,342,449,440,554,683	46494158
78	2792,1250,844,681,522,504,376,360,319,301,249,248,182,253,193,192,188,182,131,155,132,153,114,128,126,100,119,101,103,109,105,102,114,104,102,100,91,87,93,62,103,100,93,101,72,79,123,95,106,107,85,95,136,95,103,146,150,195,228	6750932	12531,4774,3074,2422,1900,1651,1392,1218,1063,978,850,780,674,717,620,608,573,591,470,509,461,408,410,395,364,309,338,320,296,355,304,289,332,302,320,299,304,250,284,253,266,245,300,261,234,246,301,280,307,296,252,327,368,344,345,428,461,601,731	46070670
79	2843,1279,816,659,567,496,402,329,337,290,256,221,230,223,181,168,201,193,163,133,126,138,124,132,149,94,106,115,111,114,104,83,128,97,106,94,98,95,98,85,111,109,100,96,77,77,106,100,86,87,98,108,110,112,110,150,175,192,229	6781192	12671,4840,3009,2333,1951,1582,1384,1208,1091,955,896,752,730,702,576,567,575,577,470,483,439,454,413,420,380,256,355,356,324,323,320,306,316,302,312,281,292,265,269,264,269,254,263,245,266,254,254,298,279,271,275,330,335,363,342,434,483,638,676	46166104
80	2906,1280,854,750,544,479,422,365,367,351,267,247,224,225,193,184,204,165,179,152,111,146,107,127,111,113,100,105,119,126,122,84,109,101,102,90,102,106,91,67,109,95,100,117,81,78,107,93,89,105,100,114,131,124,121,133,136,199,240	6929219	12958,4890,3040,2464,1966,1648,1379,1207,1104,1007,875,810,722,713,582,649,581,537,504,528,469,435,392,436,324,363,341,308,364,346,337,281,326,304,284,283,310,257,283,261,275,257,319,281,278,252,289,287,297,270,320,347,342,393,357,458,485,594,730	47120699
81	2805,1347,845,722,552,467,410,344,334,352,267,216,218,263,185,172,178,180,152,157,140,118,105,147,126,114,133,100,119,124,107,88,123,89,103,81,97,129,107,85,106,111,97,99,79,88,125,78,88,107,100,110,115,108,106,165,146,168,237	6809170	12558,4883,3087,2408,1994,1676,1305,1270,1096,1025,895,729,722,709,608,623,567,577,489,516,502,409,422,412,360,344,369,327,348,318,299,289,306,299,274,273,304,293,303,275,266,266,294,267,246,278,302,247,297,277,290,311,363,367,358,488,476,547,705	46360340
82	2906,1245,864,679,524,461,398,324,321,329,231,234,239,250,179,199,212,155,141,136,158,132,119,140,114,121,115,115,95,111,84,96,113,84,107,91,100,116,97,74,125,113,90,92,93,84,123,87,80,94,91,93,116,114,101,156,173,154,244	6774133	12738,4725,3057,2379,1914,1614,1387,1235,1079,966,865,802,794,741,608,639,572,563,510,518,464,408,420,436,348,336,360,357,362,314,291,322,310,279,292,301,330,255,279,251,302,244,281,246,286,261,325,279,260,258,271,290,348,383,357,442,484,551,724	46305913
83	2849,1237,842,713,556,509,358,327,323,284,238,224,215,260,237,175,211,180,134,150,136,136,118,152,131,132,134,98,88,100,97,90,104,87,117,83,105,109,95,74,109,101,97,99,74,75,116,84,77,106,112,108,122,89,93,147,129,203,253	6728305	12589,4726,2993,2430,1931,1640,1306,1186,1046,952,893,783,754,737,658,592,585,545,457,510,491,436,411,412,376,340,362,320,345,309,315,316,315,293,305,261,296,278,267,237,263,254,273,258,277,252,305,288,285,294,291,334,325,325,310,462,424,575,734	45721642
84	2816,1240,826,638,510,483,386,351,337,289,312,231,238,226,162,192,202,177,160,166,155,134,111,135,138,116,116,117,99,103,86,85,124,89,91,69,83,103,100,76,119,91,104,87,82,81,123,80,108,114,110,85,115,87,89,161,156,162,269	6754558	12710,4767,3032,2347,1837,1612,1362,1186,1153,964,942,787,751,780,579,608,606,521,523,517,468,426,374,416,350,346,346,346,341,314,294,288,314,292,279,274,285,262,278,275,303,240,309,247,247,257,306,294,320,293,296,296,345,323,318,482,463,562,766	46072194
85	2845,1247,855,674,546,483,409,323,319,321,250,213,233,256,191,202,214,155,139,159,119,133,109,113,108,101,113,124,110,114,95,89,115,98,135,87,107,106,82,62,117,101,100,92,99,88,109,90,81,104,91,101,118,94,122,122,142,171,252	6717587	12726,4674,3062,2369,1961,1612,1358,1156,1047,1024,842,740,764,699,612,640,584,503,466,521,445,415,411,382,347,337,363,365,360,338,292,293,309,303,336,291,314,260,249,288,304,242,275,241,278,232,287,277,293,291,260,321,352,333,355,423,472,551,685	45841912
86	2865,1228,786,673,563,498,407,325,352,290,239,237,188,273,195,179,194,169,141,160,125,145,126,133,112,105,114,109,124,123,108,103,105,94,88,89,94,95,95,77,102,101,96,118,88,67,118,89,90,84,83,102,127,108,94,145,139,160,225	6764600	12643,4856,3046,2397,1964,1611,1371,1204,1084,971,878,795,736,770,601,624,560,547,490,501,458,442,397,396,331,357,375,356,377,347,326,286,290,298,302,281,293,261,272,276,248,253,287,285,298,241,307,277,288,275,274,322,331,366,342,443,443,568,672	46226173
87	2890,1265,823,687,561,477,381,357,344,294,236,242,218,231,203,210,223,178,134,149,138,140,125,116,142,104,126,87,127,123,101,70,94,91,96,65,103,91,107,81,104,84,97,110,86,96,118,73,78,111,93,93,133,108,120,179,172,175,232	6786847	13064,4809,3082,2411,1955,1615,1355,1196,1106,932,851,795,703,711,638,629,590,546,447,507,458,433,426,398,371,336,358,315,370,329,324,285,312,310,285,264,323,260,276,289,269,227,279,299,298,286,282,253,305,285,276,307,362,340,315,482,456,594,737	46245514
88	2912,1191,821,647,554,452,422,338,326,321,233,195,240,223,191,215,209,199,136,157,137,133,111,131,110,107,118,136,104,124,113,96,107,93,115,77,106,93,99,68,100,101,95,98,93,89,119,76,104,112,105,89,121,87,111,132,170,170,256	6784921	12791,4661,2978,2318,1955,1629,1401,1214,1021,1009,827,744,748,706,634,656,595,598,455,529,478,446,412,412,350,331,348,337,355,316,325,305,263,287,306,267,311,253,255,231,276,270,294,243,280,246,295,276,310,327,304,291,330,355,360,407,459,557,795	46226824
89	2851,1207,823,684,543,520,425,369,340,300,252,229,226,243,187,183,212,171,155,151,151,147,110,116,124,104,123,106,91,104,103,89,117,94,82,86,89,101,94,69,115,99,92,81,93,86,113,70,95,111,107,105,126,114,91,161,170,166,256	6737472	12679,4685,3039,2318,1912,1733,1393,1223,1096,944,872,807,720,687,607,593,577,520,473,531,469,435,391,370,344,310,346,314,326,306,310,321,314,290,267,268,297,263,255,244,261,245,292,246,297,250,284,253,313,323,283,334,343,384,357,467,496,560,786	45862735
90	2885,1259,857,705,569,515,423,326,384,314,246,245,226,256,201,202,200,150,144,149,150,142,135,120,126,117,113,97,97,113,102,81,109,103,105,106,107,118,96,77,114,112,93,114,83,73,116,93,92,92,100,98,137,105,103,146,148,163,247	6857355	12854,4895,3217,2510,2013,1645,1388,1201,1146,1011,829,803,722,747,642,623,613,528,478,479,516,411,427,389,397,354,354,294,304,313,320,280,285,309,261,321,316,276,269,275,291,265,279,274,290,295,314,298,295,267,278,271,391,324,360,448,459,532,706	46716547
91	2960,1254,871,685,586,495,426,340,335,309,236,263,201,238,188,198,188,170,140,187,144,151,114,125,119,102,121,97,100,117,77,90,88,87,125,71,84,96,99,82,99,113,92,109,66,79,112,79,103,116,83,97,119,103,127,143,156,179,240	6811032	12802,4799,3239,2400,2058,1687,1390,1271,1082,1010,838,776,714,688,586,641,548,557,469,532,497,473,388,407,339,338,367,319,328,325,285,290,304,296,338,264,300,256,304,261,284,252,249,264,280,256,292,239,282,287,252,333,363,360,384,446,450,595,686	46527463
92	2790,1225,788,695,554,488,416,349,330,330,247,247,218,221,188,202,205,174,129,165,162,119,130,135,126,97,124,106,117,100,116,89,117,106,107,83,101,92,121,63,112,121,94,102,80,94,86,91,91,101,87,106,109,85,103,153,151,173,231	6773188	12754,4696,3048,2365,1866,1622,1396,1187,1092,944,883,790,738,699,633,651,548,540,463,526,474,399,427,399,338,309,341,327,341,306,322,300,308,283,295,280,310,251,307,243,282,268,271,285,265,302,248,281,297,276,254,323,347,374,318,491,448,618,725	46202509
93	2876,1257,816,641,557,518,429,354,330,290,246,214,228,251,195,194,194,168,157,162,138,117,110,129,128,128,129,115,105,122,101,67,107,95,100,61,118,97,93,83,96,120,111,108,80,85,117,91,105,125,100,112,112,109,99,156,152,169,214	6817982	12698,4789,3009,2275,1976,1660,1395,1214,1073,961,857,776,756,764,634,627,611,575,507,478,452,401,399,439,358,354,376,374,335,350,312,301,299,313,293,268,322,271,291,262,271,263,304,252,276,254,295,298,333,273,327,342,367,367,339,461,450,559,688	46557701
94	2888,1276,791,717,530,486,376,375,339,311,244,233,221,249,185,174,198,179,143,152,150,134,103,154,117,116,121,131,110,115,105,77,107,87,110,86,121,76,117,79,107,115,102,83,94,80,96,77,112,114,92,106,105,77,118,144,169,144,243	6792808	12855,4878,3055,2345,1920,1622,1369,1215,1075,972,839,813,726,683,610,589,553,588,458,515,465,419,397,446,349,342,327,348,365,325,297,293,291,302,319,305,329,233,313,279,280,269,301,255,300,252,283,264,296,296,265,329,325,314,378,453,485,548,722	46318835
95	2854,1303,817,693,543,521,381,354,310,301,257,223,203,235,217,196,185,157,141,165,128,129,116,116,125,117,128,132,113,119,124,80,96,95,110,70,97,106,100,70,118,105,102,100,80,81,125,75,108,115,99,103,128,101,104,173,166,201,235	6808840	12671,4898,3099,2448,2000,1712,1362,1211,1056,962,939,780,695,719,615,615,578,508,472,551,472,430,415,401,364,344,362,331,356,333,359,285,290,317,333,293,321,286,274,274,271,269,311,263,248,231,300,274,299,280,283,293,358,362,380,503,498,577,686	46346839
96	2777,1212,835,692,547,478,385,341,324,311,286,203,248,233,175,172,200,179,139,146,153,145,102,121,129,124,97,127,88,111,88,103,127,95,97,80,91,105,100,66,124,105,89,102,83,84,103,82,117,90,84,110,119,117,96,136,141,187,261	6737833	12534,4691,3095,2466,1959,1604,1322,1193,1056,987,882,777,733,726,602,605,562,539,495,513,485,418,411,387,337,350,336,333,314,332,323,300,303,299,285,271,338,270,262,264,295,266,269,261,284,278,276,272,314,278,255,332,351,398,362,460,450,536,817	45917816
97	2880,1315,871,689,552,500,401,329,334,307,296,227,228,239,180,198,193,171,135,173,150,135,103,132,127,108,116,123,103,108,95,83,103,92,77,61,93,78,104,64,98,103,94,112,97,70,93,82,102,85,83,113,120,105,110,144,155,186,253	6796622	12758,4878,3116,2465,2016,1677,1424,1162,1111,948,911,779,711,694,592,664,586,543,485,523,493,420,426,405,361,334,338,359,346,324,306,321,275,287,308,262,317,206,280,241,251,275,284,277,314,207,275,255,282,262,252,302,371,340,343,458,469,545,742	46372167
98	2895,1288,857,668,538,471,396,341,326,328,241,231,218,253,192,192,209,189,183,152,139,137,115,111,134,108,114,127,98,101,102,90,118,92,110,74,114,116,90,73,91,106,90,100,88,72,117,77,77,93,94,99,115,106,118,151,180,172,254	6840221	13090,4827,3184,2433,1903,1570,1357,1223,1074,1030,833,784,743,759,654,630,580,546,517,481,475,411,432,412,356,319,360,353,347,303,331,303,296,308,313,268,342,296,290,280,252,254,256,268,300,248,300,260,285,267,278,322,334,380,379,488,467,584,758	46669409
99	2869,1259,818,671,538,506,420,321,332,334,270,253,224,237,198,210,215,169,140,166,138,128,117,151,149,131,121,88,102,109,121,82,106,87,96,97,117,103,95,79,109,98,99,96,82,68,93,92,73,101,89,95,133,101,118,136,149,153,253	6905487	12805,4721,3117,2384,1916,1718,1365,1170,1070,978,934,813,723,746,663,643,570,524,517,534,491,442,440,440,395,386,351,288,323,317,329,308,289,327,292,304,337,269,281,297,293,244,292,259,257,228,259,291,274,266,273,325,348,383,373,422,471,517,696	47019458
100	2743,1181,810,662,549,479,374,308,319,352,239,263,235,216,187,194,183,162,132,125,135,137,120,137,137,114,114,102,127,103,103,89,117,92,91,92,87,100,98,86,112,118,84,118,90,79,108,82,100,103,89,104,108,109,106,134,146,193,233	6686607	12360,4614,3050,2321,1966,1604,1320,1137,1038,1026,803,816,743,701,558,611,539,526,496,501,482,425,403,418,369,336,346,316,396,299,333,295,296,288,288,307,308,272,291,286,270,291,276,284,297,244,278,265,287,278,253,300,342,356,359,470,411,602,743	45619777
