bs_rep	neu_sfs	neu_call	sel_sfs	sel_call
0	646,245,189,147,126,112,91,78,69,79,54,47,56,60,45,42,48,35,39,29,30,25,27,30,34,22,22,23,23,26,26,21,21,19,19,23,9,18,19,16,17,24,22,14,19,18,25,21,20,21,22,30,18,23,23,36,30,39,62	1501578	1183,552,385,307,227,190,180,138,134,131,114,97,87,91,83,89,73,65,79,65,81,77,53,67,52,52,44,52,40,52,46,45,49,34,57,35,37,40,39,34,53,38,36,36,34,38,31,44,51,43,34,38,40,42,42,58,61,81,109	2885212
1	612,253,175,149,116,119,105,80,74,79,48,46,57,62,56,40,51,44,42,26,34,23,27,25,30,16,25,25,24,23,27,18,24,17,17,17,13,21,12,20,16,27,17,16,22,20,26,22,13,20,25,28,20,29,25,40,35,44,63	1510940	1137,530,332,312,221,167,181,129,112,138,115,80,93,88,80,102,60,56,70,61,65,62,46,53,50,40,44,50,40,53,46,39,44,40,52,48,44,45,35,32,46,28,39,36,27,40,30,50,59,56,21,33,31,50,38,59,55,84,100	2827307
2	680,206,195,143,116,114,101,67,59,66,47,50,57,54,57,43,51,37,43,33,24,28,19,37,46,13,16,22,20,20,16,21,24,16,19,19,4,19,29,7,16,32,18,15,21,23,19,26,19,28,22,26,15,28,22,25,28,33,56	1457932	1149,565,423,298,225,181,180,135,134,129,116,108,95,98,93,104,75,48,76,73,86,80,63,68,54,54,44,60,38,50,46,38,57,22,58,34,35,45,38,34,42,27,37,42,30,36,30,46,47,45,30,48,36,60,38,48,55,76,114	2883611
3	637,248,181,164,139,122,99,75,71,94,56,46,67,62,47,42,38,30,50,34,30,30,23,41,43,26,24,21,17,27,27,22,24,20,20,23,9,20,27,16,27,32,20,17,19,23,23,29,17,18,22,35,15,24,21,42,20,42,54	1507687	1207,586,383,271,236,213,193,155,137,125,96,99,77,88,76,99,76,64,74,66,74,77,51,85,44,49,54,55,37,49,43,51,49,31,50,37,41,45,37,44,54,34,31,34,33,41,18,46,40,37,28,46,42,48,39,50,76,70,89	2928445
4	648,247,199,152,120,110,87,85,63,67,44,49,58,56,43,42,43,30,42,29,29,23,26,33,42,24,28,23,31,27,23,25,18,24,9,19,12,19,31,21,23,26,23,13,24,17,16,19,25,17,35,34,16,28,28,41,25,33,64	1477988	1159,564,386,287,238,173,201,125,146,138,112,111,107,77,81,85,81,58,66,63,86,75,62,63,43,44,36,55,53,44,36,45,49,40,62,37,23,40,41,28,52,34,35,39,29,43,31,43,49,57,33,43,51,37,45,71,65,93,118	2895329
5	632,263,206,125,115,102,93,82,69,77,56,41,47,56,52,39,45,32,48,35,22,19,26,35,27,23,18,23,20,24,27,23,20,18,21,34,8,14,21,22,12,28,31,7,19,20,18,27,13,17,17,24,20,24,24,33,28,42,64	1512491	1197,606,371,328,202,152,165,132,146,109,114,109,84,76,85,101,55,72,72,69,78,57,43,68,53,60,37,47,55,53,43,50,46,34,58,29,44,38,38,26,55,52,37,41,32,21,34,43,51,43,30,40,38,45,52,48,59,83,113	2882406
6	697,218,192,170,123,109,98,91,79,84,43,50,50,57,42,44,45,38,32,23,35,27,24,34,45,26,25,22,17,24,37,18,22,12,15,28,4,19,21,19,16,21,18,11,18,12,25,23,23,29,31,21,26,20,22,36,30,34,61	1487964	1176,534,401,311,225,184,187,115,126,137,108,101,91,91,87,96,72,57,82,76,79,72,59,76,53,45,38,37,36,59,43,50,45,33,49,41,30,42,40,37,47,37,29,32,35,44,39,49,57,49,46,49,61,43,41,63,43,75,109	2906428
7	655,256,217,128,125,99,90,87,57,84,49,43,74,61,59,41,39,43,44,30,24,26,27,36,39,21,27,23,34,29,21,19,24,20,15,21,8,10,20,11,13,19,14,12,19,13,24,23,21,17,15,36,18,24,22,37,29,41,61	1541744	1269,613,366,313,253,205,172,138,130,143,113,92,89,108,88,86,74,59,66,48,79,81,50,63,48,46,48,43,41,63,48,43,42,44,54,33,32,32,36,37,43,34,34,48,38,42,32,40,63,55,36,49,55,35,43,59,66,84,105	2877221
8	603,247,182,142,119,139,95,79,76,61,56,51,55,70,43,52,49,33,38,36,42,23,23,27,27,24,22,24,24,32,22,23,14,12,21,27,10,17,24,20,13,22,20,12,19,16,33,32,24,32,27,23,19,20,24,30,21,27,60	1493493	1220,568,354,299,208,199,207,127,139,132,115,123,77,87,88,87,80,65,78,57,84,85,45,84,44,62,51,56,35,45,41,41,55,31,57,28,43,41,46,28,50,36,31,31,29,41,29,54,43,47,39,36,39,45,45,60,68,91,100	2895578
9	661,223,160,137,94,112,79,78,66,66,63,45,41,58,35,53,47,36,28,31,29,25,39,29,48,28,29,27,20,28,20,24,20,12,18,24,6,19,24,11,25,27,16,15,15,21,21,24,20,26,26,33,17,39,23,29,30,47,75	1498673	1214,515,337,305,253,199,167,128,142,124,105,95,104,89,103,95,77,65,84,63,75,71,47,80,55,58,48,42,32,56,46,46,55,34,71,39,26,24,28,36,49,54,39,40,35,35,27,37,49,41,18,41,45,41,40,67,53,74,119	2916037
10	665,238,227,165,125,107,83,76,66,75,52,48,47,52,40,43,56,27,34,27,21,30,27,33,37,17,14,19,23,21,28,27,17,15,21,20,7,17,23,24,12,26,19,11,20,25,15,19,16,14,23,31,17,22,18,44,31,28,54	1505218	1152,582,386,295,235,175,154,143,115,127,111,97,88,86,78,109,72,66,87,82,81,74,49,50,46,50,42,49,43,43,56,52,45,26,63,30,31,53,36,25,61,47,46,35,37,44,33,41,44,40,36,43,43,52,56,53,62,84,127	2882287
11	656,252,186,130,125,116,89,83,63,76,57,39,62,55,51,38,45,45,45,27,19,22,31,28,28,14,24,28,22,19,30,20,24,25,14,30,5,18,16,17,17,23,27,15,18,21,28,27,12,22,30,29,19,15,26,39,28,44,55	1486193	1182,560,409,315,222,201,173,119,121,135,113,98,77,94,89,82,75,76,86,77,92,64,38,54,62,57,42,42,39,53,38,42,41,28,46,42,38,31,40,41,52,34,24,40,31,31,26,43,49,31,36,33,39,45,38,69,58,79,114	2808923
12	645,241,187,130,127,89,92,78,56,68,55,36,56,49,48,38,48,44,37,21,36,38,25,25,40,16,22,28,29,25,23,19,15,15,23,18,5,16,20,13,19,27,29,14,18,22,21,18,16,18,24,34,27,28,17,37,27,43,72	1484424	1162,552,383,272,212,189,152,139,129,112,104,122,91,83,75,114,75,61,74,58,78,91,72,68,45,49,61,50,47,63,43,45,42,24,56,40,48,29,38,32,52,42,34,29,30,36,33,31,56,39,36,38,47,53,48,64,58,82,119	2851561
13	575,260,199,145,131,112,100,62,66,84,51,44,58,54,37,48,51,29,39,33,29,26,26,25,29,26,21,24,22,22,29,20,14,15,15,20,10,12,16,19,22,20,25,12,21,14,32,31,14,20,21,27,20,25,30,31,26,44,75	1515415	1164,520,389,273,213,178,195,127,155,141,105,91,98,96,91,86,85,61,70,66,83,72,49,59,49,56,44,52,37,47,50,41,47,42,38,37,19,34,31,35,53,40,41,31,36,38,24,48,48,45,22,54,53,38,47,66,54,84,107	2888904
14	612,278,207,169,139,115,89,91,79,76,45,36,55,59,44,58,52,36,52,31,21,27,34,25,32,28,23,26,25,29,21,18,20,12,20,28,11,15,24,23,20,16,22,16,25,20,27,26,21,22,19,41,20,29,21,28,26,31,57	1514956	1089,493,371,328,212,213,151,152,127,127,101,97,68,83,69,87,63,60,57,55,85,75,58,59,65,54,28,60,45,55,52,47,44,40,55,29,24,42,39,28,46,28,37,33,27,30,31,47,53,26,39,34,37,42,45,45,57,77,102	2823846
15	620,241,162,187,141,104,96,77,60,70,59,51,55,64,38,44,53,36,42,24,38,30,23,39,31,17,25,25,28,31,29,21,17,16,20,27,8,21,22,26,27,25,17,12,12,20,32,21,22,19,21,30,24,20,22,40,29,34,52	1537067	1193,565,395,307,233,212,197,137,144,126,123,105,86,90,94,108,72,67,83,59,90,75,61,65,47,56,36,63,37,65,46,47,55,34,56,34,49,43,38,35,71,38,30,46,37,42,24,46,54,53,43,40,45,43,40,59,59,93,120	2899321
16	689,245,162,150,122,106,107,94,79,75,51,39,66,73,43,34,65,38,49,23,29,32,29,22,39,21,22,27,19,29,35,14,13,18,19,24,11,24,25,15,14,20,19,13,22,16,30,19,16,27,20,34,15,20,28,37,23,36,59	1501449	1166,571,384,296,238,192,188,136,147,131,109,92,94,103,91,89,55,53,58,55,63,77,50,56,56,50,34,51,33,50,46,36,44,42,58,37,42,42,31,18,50,35,37,39,39,41,36,39,47,39,47,40,33,35,45,58,66,87,91	2854200
17	679,231,186,145,116,122,103,86,64,77,53,38,52,52,42,35,50,35,37,25,43,18,25,40,28,14,17,15,17,25,25,20,21,18,15,21,9,9,21,10,15,24,31,18,19,13,28,18,21,21,25,41,21,23,29,37,34,48,48	1514074	1264,493,408,325,238,174,180,148,154,129,105,74,87,96,79,95,80,62,73,62,93,77,51,68,56,54,45,41,49,45,40,40,63,46,63,45,37,44,36,56,47,37,29,35,38,30,33,43,49,47,33,48,34,32,38,75,63,64,143	2841714
18	659,257,196,138,135,103,108,89,70,75,67,32,49,51,45,44,55,36,41,22,33,30,32,35,20,27,26,14,20,22,29,25,22,21,17,23,7,21,17,16,24,26,17,9,23,24,23,19,24,21,29,34,17,28,23,43,31,36,52	1499311	1236,572,361,279,230,188,171,154,143,128,103,105,95,106,90,80,57,80,86,79,71,68,46,56,59,54,38,47,51,59,46,53,47,38,52,21,23,47,27,25,50,48,27,39,42,57,31,37,52,51,39,50,45,38,46,65,59,95,105	2923902
19	665,220,176,165,122,98,102,77,55,83,46,48,49,69,38,36,45,38,44,39,36,26,28,31,42,18,23,23,25,30,32,28,28,18,22,23,11,15,18,12,19,27,26,17,18,16,25,18,25,19,26,31,21,20,25,40,14,39,62	1506847	1124,554,412,300,224,209,175,125,132,118,97,95,102,92,79,85,71,76,76,71,76,111,46,67,56,63,42,44,39,66,44,48,46,35,54,40,45,36,33,30,50,38,31,29,47,34,36,53,54,39,57,29,44,45,61,69,71,101,92	2893978
20	670,240,199,135,115,99,83,76,70,81,45,54,52,74,37,42,56,29,32,35,27,17,29,39,35,19,26,16,18,24,28,22,22,20,17,27,7,21,21,15,20,23,25,17,21,11,24,18,18,19,30,31,18,24,32,39,18,40,63	1498002	1180,559,392,308,228,209,186,127,132,113,124,118,90,96,87,86,59,54,80,60,76,54,39,79,42,57,44,59,31,55,39,50,41,39,53,32,34,38,41,28,51,36,34,31,36,35,36,50,69,51,29,37,35,37,42,56,74,89,101	2891304
21	623,236,203,133,128,116,84,76,75,88,61,45,66,62,43,40,43,26,38,31,25,23,27,33,31,28,20,22,22,24,28,21,30,24,21,24,16,23,16,15,18,22,28,18,18,19,19,30,30,32,17,34,19,31,26,40,42,46,71	1483690	1149,539,408,295,234,210,213,134,123,114,128,104,84,80,79,81,71,75,78,95,78,63,49,64,46,58,54,45,47,59,48,56,50,32,49,41,38,44,40,34,58,27,35,31,29,44,23,57,56,47,31,44,38,41,51,58,60,77,119	2907441
22	594,228,185,146,131,112,86,73,64,72,45,50,82,63,49,37,40,28,43,27,43,25,24,33,34,21,24,17,20,17,20,21,20,25,23,13,12,22,17,10,21,27,23,16,20,9,33,14,14,22,17,30,19,23,23,37,31,44,45	1481963	1255,559,350,297,222,217,177,127,154,133,105,88,84,99,87,103,77,66,51,74,76,71,66,61,47,56,49,45,43,46,53,52,54,38,71,32,37,42,35,48,55,37,34,36,32,39,29,41,46,38,40,32,53,41,40,48,47,61,93	2877426
23	624,255,210,142,123,115,105,83,73,78,49,43,66,61,45,36,37,41,45,26,36,41,24,29,37,14,11,21,27,32,26,26,15,18,16,30,3,14,15,21,12,20,18,8,20,8,24,20,27,27,23,23,25,25,13,41,40,48,54	1473922	1171,566,398,307,245,204,185,124,149,140,112,115,74,79,81,95,50,57,80,54,98,98,49,63,51,53,50,53,42,51,42,52,44,29,54,42,35,48,48,31,51,43,29,27,26,39,29,51,41,61,38,35,41,37,39,63,69,103,113	2851611
24	586,263,173,161,132,110,90,86,76,67,57,45,50,68,42,56,41,44,37,27,29,23,15,30,33,26,18,16,31,23,20,26,17,16,28,15,3,23,10,21,16,25,26,16,12,23,17,14,17,24,21,26,15,22,23,53,36,26,52	1483368	1158,553,352,312,231,174,188,132,148,122,110,107,96,106,81,73,60,59,79,54,103,88,71,74,43,49,37,64,30,59,56,41,40,37,59,43,28,50,48,29,56,42,31,45,31,36,24,46,54,47,24,23,42,41,39,57,56,80,102	2863762
25	634,230,179,146,145,138,112,80,80,76,56,38,66,57,47,46,52,45,40,26,26,20,28,33,36,23,33,19,28,29,31,20,38,14,14,24,14,19,22,17,26,33,23,19,21,20,30,16,18,23,21,34,21,30,31,35,20,34,65	1505856	1209,532,386,318,218,215,167,115,102,132,114,105,83,90,70,77,74,76,76,69,101,60,66,57,52,50,46,54,44,60,49,57,50,34,79,27,49,36,39,29,73,43,31,44,34,23,24,34,50,39,37,32,41,33,34,57,62,86,98	2872208
26	690,247,210,156,148,93,83,85,80,85,65,53,58,75,48,46,54,29,22,38,46,25,32,30,33,20,14,21,24,22,25,24,23,25,18,28,7,16,22,16,29,23,23,9,23,20,20,20,20,27,26,20,20,25,27,38,36,26,59	1547607	1181,518,399,314,210,166,187,146,118,147,118,97,82,100,64,81,79,66,92,75,75,74,48,72,53,64,45,69,38,60,49,39,41,34,56,32,40,46,41,28,44,39,28,42,30,38,33,42,48,28,34,36,44,35,35,58,67,66,132	2891237
27	642,274,193,140,130,116,84,70,64,73,55,51,53,63,43,41,54,43,50,33,28,20,34,22,26,15,24,19,30,21,32,22,20,21,17,25,5,18,18,19,16,32,21,16,22,19,18,25,21,25,15,32,19,24,16,23,26,34,48	1484975	1228,563,433,302,243,195,176,151,130,151,124,108,85,93,89,87,67,64,74,61,94,102,65,75,60,47,35,56,41,42,44,41,45,43,42,29,45,42,48,40,43,27,35,24,32,37,34,43,39,42,36,38,35,52,34,62,63,111,103	2910156
28	671,249,208,162,129,125,97,76,67,91,58,44,60,65,37,43,46,41,46,24,38,17,23,33,32,23,16,29,28,30,25,18,18,23,17,36,13,28,17,17,22,23,19,16,20,23,32,24,28,16,33,27,15,25,25,41,33,42,65	1522652	1185,558,395,293,218,197,178,135,151,131,98,97,79,83,98,90,76,65,73,72,67,66,71,76,53,50,43,52,35,52,47,37,44,27,55,36,45,41,45,29,74,33,32,38,34,30,40,44,45,40,29,40,28,48,44,63,63,65,117	2878207
29	661,232,208,145,133,104,90,82,77,74,52,51,61,61,42,43,50,23,40,28,33,32,24,29,29,25,20,28,14,21,28,26,32,21,20,21,9,15,15,17,11,22,23,13,20,22,35,17,33,18,26,24,13,23,20,37,26,32,51	1519920	1097,545,361,297,218,208,176,133,148,114,125,92,91,82,83,73,62,56,86,82,95,77,58,74,57,52,47,50,44,61,51,40,54,30,48,52,31,29,39,39,50,45,40,30,30,35,32,53,64,41,39,27,29,47,49,55,62,56,121	2816337
30	603,235,183,162,122,123,77,82,80,78,47,36,60,63,37,39,40,33,28,22,18,15,33,24,40,20,12,24,32,20,20,22,24,29,19,24,10,18,15,22,14,26,34,11,11,17,21,11,16,13,20,27,12,25,18,36,33,32,71	1482938	1244,540,365,326,211,207,171,145,144,155,128,104,102,93,79,79,70,71,89,72,61,90,50,84,46,51,43,57,33,42,59,55,48,34,69,29,45,49,41,40,62,38,42,42,32,45,35,41,54,43,38,39,35,39,47,56,72,103,110	2870918
31	640,279,186,150,143,106,98,73,83,72,63,41,50,66,67,55,52,28,26,27,37,30,32,24,27,25,25,20,13,27,23,19,19,15,19,28,9,18,13,15,16,24,14,11,20,22,8,25,11,20,24,32,18,29,31,35,26,39,46	1513560	1273,576,354,297,228,198,169,131,113,126,105,95,95,97,83,103,62,54,72,65,116,73,57,71,62,54,43,59,54,49,40,52,58,39,68,33,39,41,40,40,38,47,39,36,21,47,38,43,53,44,28,41,42,38,37,84,74,82,107	2880617
32	613,252,193,147,126,103,97,67,63,88,57,47,66,66,37,38,54,40,45,25,31,29,35,35,36,14,26,16,17,30,28,19,24,22,16,21,12,19,19,13,16,18,23,15,18,15,31,18,19,15,17,32,18,25,29,41,16,45,65	1482624	1227,543,371,307,226,166,147,111,109,138,108,99,82,94,78,79,73,65,89,67,82,87,53,73,52,64,38,46,38,64,48,36,45,25,63,36,32,38,28,31,48,40,39,26,35,42,36,39,51,38,27,31,34,33,48,49,54,80,97	2820019
33	630,250,174,142,96,117,93,80,75,86,55,57,42,61,32,35,40,34,35,27,26,26,35,25,28,25,17,29,21,23,22,19,18,18,14,28,4,16,17,14,14,19,26,16,22,18,28,16,18,22,23,32,14,33,16,40,30,38,71	1467221	1217,560,433,298,230,193,200,137,156,126,117,84,99,95,82,81,60,58,81,58,78,81,53,46,59,41,32,37,37,59,67,28,47,36,51,34,33,44,35,42,54,36,35,38,47,36,24,54,53,41,29,46,42,46,46,70,85,105,110	2901491
34	619,273,191,149,136,93,101,96,57,68,51,49,60,61,51,37,53,48,32,32,35,24,33,26,38,18,28,33,20,26,34,16,20,18,25,27,5,19,23,16,16,22,20,25,15,21,21,27,13,17,21,32,14,26,20,36,41,35,57	1519321	1198,533,410,274,214,181,191,127,116,97,105,86,75,89,88,101,68,71,93,61,79,72,45,55,62,37,36,56,36,49,53,43,49,33,53,36,32,40,45,35,55,52,26,36,33,47,30,37,51,39,36,35,47,44,40,59,64,66,116	2831801
35	661,238,200,146,133,100,75,74,57,72,60,53,60,56,47,44,52,33,39,26,27,26,44,29,41,24,18,24,23,34,32,23,21,14,19,28,15,18,16,18,16,28,24,11,8,18,20,21,17,22,31,35,20,18,33,34,34,31,75	1508485	1192,509,346,292,222,209,170,115,125,106,106,111,89,84,63,88,78,46,80,68,92,55,56,56,62,54,50,61,36,58,56,43,51,35,53,49,42,43,39,34,47,26,31,35,31,46,34,45,46,41,42,33,48,34,42,57,58,66,96	2870210
36	627,226,200,116,133,109,89,85,64,77,65,51,43,59,44,44,60,50,30,23,29,27,33,28,27,26,23,22,20,19,33,19,16,19,24,26,9,18,16,16,13,25,23,16,22,15,26,13,18,20,22,28,22,30,29,27,18,42,58	1486048	1257,503,376,284,230,203,193,126,124,134,123,100,87,83,84,79,83,68,82,53,79,74,39,72,68,55,43,48,50,51,52,38,56,41,50,38,34,51,47,36,45,40,48,33,28,30,26,43,54,45,43,28,39,49,49,44,53,86,110	2857216
37	603,256,176,139,127,108,87,91,69,89,55,55,45,52,45,32,40,34,38,29,24,16,20,32,35,22,26,19,21,31,26,32,19,17,9,31,9,17,18,12,15,22,23,13,23,23,23,22,26,11,18,34,13,24,31,39,33,54,65	1476550	1214,577,381,281,244,165,186,167,120,97,101,94,90,109,98,96,81,74,82,72,73,66,49,59,54,54,47,44,36,50,51,50,49,36,54,39,37,35,38,36,57,30,28,27,38,39,30,23,55,40,36,41,41,42,41,53,58,79,94	2896405
38	656,271,182,163,145,128,80,73,75,88,42,42,78,60,46,38,56,38,46,29,24,28,12,32,44,31,20,32,18,29,25,31,21,21,20,26,13,26,15,12,19,21,16,16,22,18,23,17,22,16,13,33,13,27,28,41,34,44,64	1517124	1170,587,372,293,226,218,160,140,123,139,111,92,82,102,85,75,62,83,73,52,74,70,50,69,47,46,45,52,42,45,48,41,52,38,73,37,46,43,27,28,58,28,43,44,34,47,33,48,48,55,35,38,52,35,36,61,50,64,106	2971857
39	681,253,178,159,134,118,87,79,64,78,57,54,55,72,41,41,52,46,53,29,23,27,20,29,37,20,25,21,32,26,25,18,27,14,24,26,7,18,17,19,15,14,21,16,23,13,24,29,12,32,20,21,13,22,28,36,26,42,70	1519255	1212,571,383,351,233,208,195,144,132,134,94,115,63,71,91,98,79,56,71,70,88,77,60,62,56,65,44,54,29,37,35,36,45,47,54,34,51,49,42,31,41,42,47,38,35,43,35,39,49,41,35,29,36,44,42,67,64,84,110	2880633
40	647,276,209,158,141,109,98,80,71,77,46,38,49,82,43,39,43,35,35,26,44,28,18,24,34,18,28,31,22,23,26,21,18,30,17,26,13,15,18,12,26,17,27,18,21,15,33,18,19,21,28,38,17,27,14,33,37,47,63	1490482	1226,563,400,298,211,189,161,168,120,132,108,94,77,92,76,94,84,68,97,79,71,61,60,79,50,46,55,60,43,47,41,57,56,30,73,44,45,51,38,42,53,39,32,39,30,40,30,42,52,46,28,45,37,51,32,63,49,77,121	2898823
41	672,240,199,147,134,117,109,66,65,99,51,43,63,75,38,37,52,25,42,22,28,20,21,20,41,24,16,20,37,32,29,27,20,22,17,23,10,9,19,21,20,26,18,13,16,19,31,12,16,23,21,35,19,22,26,29,35,29,57	1496286	1199,542,380,290,218,178,186,172,147,111,119,81,88,80,84,83,67,57,68,71,79,75,51,69,46,49,41,46,50,46,45,45,54,36,58,33,34,49,37,36,49,38,25,27,24,38,20,40,32,44,43,35,43,53,43,48,70,85,105	2866251
42	672,229,172,135,146,140,93,85,78,83,56,48,66,58,49,46,47,28,42,32,31,25,30,30,42,20,17,23,32,25,31,33,19,19,23,19,13,21,16,17,16,30,26,10,16,16,29,15,22,20,24,32,16,25,20,31,32,36,75	1524237	1132,513,394,320,239,206,169,127,117,138,119,87,78,90,81,104,84,68,65,70,78,80,64,66,57,40,31,53,26,48,49,38,54,35,69,36,37,35,43,32,55,46,34,40,44,32,35,51,52,53,29,47,56,41,46,47,57,88,110	2903049
43	691,251,203,134,134,116,91,63,79,85,55,45,55,49,53,44,51,50,38,25,29,20,32,31,38,27,25,19,20,29,28,17,26,13,14,20,9,23,15,14,12,19,26,17,18,19,20,21,17,23,23,30,14,32,32,28,30,29,57	1511571	1267,581,398,316,216,227,181,147,132,131,117,116,114,88,70,92,60,75,72,58,93,70,58,73,44,59,37,54,43,58,43,48,52,45,45,27,42,23,39,30,53,29,43,47,46,40,35,51,45,44,41,30,49,39,51,68,63,72,115	2934099
44	634,229,184,147,118,114,80,93,68,75,59,52,58,68,42,49,43,34,34,30,30,23,30,28,34,22,23,19,21,26,23,21,21,11,14,28,6,14,30,13,18,25,16,19,13,17,27,32,21,16,29,27,13,19,36,46,26,41,52	1501699	1170,556,349,311,212,181,164,152,145,128,115,99,111,90,76,87,71,52,94,76,75,62,52,64,61,52,46,59,35,56,58,46,56,29,61,33,37,43,40,40,56,31,46,48,52,36,31,47,42,43,34,36,42,54,40,50,61,90,127	2912980
45	622,249,193,139,125,114,107,84,54,74,51,41,71,59,35,40,63,30,31,37,31,26,21,31,26,24,12,28,33,23,18,24,17,16,14,23,7,20,17,22,18,15,23,18,25,27,31,18,18,27,24,21,18,28,19,35,31,46,68	1489679	1236,534,396,294,245,189,181,129,140,137,108,95,86,83,83,86,82,71,69,72,86,73,57,73,59,55,54,43,48,56,47,51,52,42,62,30,38,34,47,22,51,44,30,47,26,39,36,41,54,39,31,50,37,35,33,48,58,74,112	2902372
46	671,263,205,140,119,105,90,80,67,69,49,38,54,66,49,41,50,35,46,22,30,22,22,27,30,26,22,27,21,27,28,18,22,22,20,20,7,16,18,13,18,33,27,17,24,19,24,20,19,20,20,26,20,24,10,29,32,33,66	1491822	1147,515,393,296,230,179,183,120,145,150,108,109,75,96,79,93,75,60,67,55,77,72,54,68,40,62,39,56,42,39,55,53,50,37,59,47,30,43,32,28,54,31,34,29,26,30,31,38,56,36,36,35,31,51,36,47,48,77,118	2866691
47	611,258,179,172,126,119,60,81,63,71,54,42,55,55,39,38,42,34,34,21,29,18,16,28,37,16,13,25,19,33,26,24,24,11,21,28,6,17,12,9,20,22,9,12,15,19,18,10,25,16,23,22,24,26,19,36,24,48,67	1483188	1152,513,389,354,234,179,167,127,119,124,115,114,96,106,78,80,65,67,84,73,82,75,53,69,40,39,43,44,35,46,41,40,43,35,51,37,25,37,42,25,44,42,30,37,38,28,30,47,40,45,25,37,38,50,37,54,61,61,91	2817048
48	668,263,181,193,119,123,88,83,78,71,61,54,45,62,44,47,58,42,40,22,43,21,35,38,29,22,20,24,25,29,30,17,36,20,13,27,12,17,17,14,18,27,21,18,14,17,28,22,20,12,24,29,18,20,28,41,32,32,52	1534198	1172,594,345,298,234,199,164,146,139,115,135,109,90,88,84,97,81,66,77,76,74,77,66,75,65,55,40,54,40,61,47,52,61,45,49,41,35,58,40,26,54,29,33,37,27,45,35,50,47,51,32,48,47,38,40,70,54,80,117	2863318
49	634,260,203,132,145,126,83,103,75,73,64,44,56,53,40,41,51,41,45,30,31,24,28,24,36,28,34,18,19,26,15,22,24,19,21,21,12,20,17,17,11,12,17,20,18,16,21,16,25,24,14,25,20,30,26,35,31,42,50	1520181	1256,610,396,313,233,182,209,148,159,122,120,86,86,97,75,93,66,74,64,67,78,89,62,57,47,56,43,60,24,56,40,47,59,37,81,27,41,38,37,36,61,45,31,49,28,39,39,32,51,37,40,37,45,45,44,69,75,93,104	2983998
50	692,253,173,153,115,114,99,97,89,82,48,51,62,53,45,41,48,35,39,24,37,30,30,36,33,18,23,35,24,32,18,19,25,22,21,22,12,13,22,14,11,29,20,15,19,22,24,14,20,27,16,38,27,16,24,43,35,52,62	1537069	1214,574,393,298,244,198,187,139,108,152,118,111,107,79,75,87,78,55,64,63,77,65,58,62,49,62,51,46,39,52,42,41,38,35,69,33,36,42,35,41,74,27,38,31,33,30,31,46,49,35,29,47,30,38,44,43,50,92,113	2924787
51	618,271,173,155,154,131,97,72,46,81,56,48,61,50,33,35,44,44,51,31,26,27,26,26,40,19,30,21,18,24,29,17,6,13,22,27,9,18,29,17,26,37,20,14,23,23,24,31,17,14,21,21,19,22,23,35,36,48,60	1482488	1182,621,374,307,210,190,183,143,136,123,142,96,90,99,95,97,65,67,69,60,74,73,56,68,58,50,38,59,45,56,40,52,38,34,47,36,45,28,34,29,54,48,34,37,20,37,22,44,50,42,24,30,49,40,53,61,79,105,122	2893288
52	668,234,176,151,126,102,70,73,84,69,63,55,64,69,50,54,49,44,38,26,28,29,20,39,22,23,23,21,29,27,21,18,26,28,17,18,13,15,10,13,14,19,18,7,17,17,16,19,23,23,24,24,21,34,32,40,34,40,47	1542564	1188,582,381,296,243,202,167,141,134,133,114,96,67,86,77,87,66,55,67,66,85,84,51,78,46,43,45,40,40,48,41,29,54,26,62,31,33,31,37,35,53,38,40,37,32,37,32,43,36,35,24,35,25,53,38,61,53,71,114	2839291
53	643,243,197,132,141,90,93,79,70,85,47,38,66,63,47,41,45,32,36,34,35,21,20,31,32,23,16,28,25,25,24,20,22,25,28,21,9,26,22,11,19,20,23,9,16,13,20,22,17,21,15,33,17,14,22,37,29,53,64	1473928	1215,531,386,308,210,172,207,128,137,138,114,103,83,90,71,76,80,63,81,75,90,65,55,57,52,43,32,61,43,56,45,36,37,33,53,35,38,47,42,36,52,27,34,46,27,25,27,44,58,47,25,37,54,39,40,59,61,46,108	2828727
54	601,236,187,135,116,105,78,77,81,75,60,55,55,73,47,49,51,32,47,23,33,26,28,27,30,22,31,17,20,27,30,31,32,15,15,16,10,10,13,14,22,29,16,13,26,13,21,18,21,21,25,36,19,25,25,39,34,42,60	1482271	1158,529,364,290,231,192,188,138,145,124,112,112,91,96,92,84,84,56,77,67,63,64,62,58,47,61,44,55,45,36,41,54,46,36,55,33,34,37,35,29,46,38,35,29,43,42,35,41,43,36,34,44,45,42,33,62,73,98,108	2845194
55	609,275,177,134,141,122,76,68,74,75,56,51,57,59,38,39,40,28,34,29,35,24,20,29,38,23,18,15,21,28,27,20,22,27,15,26,8,20,19,15,13,23,21,20,16,12,20,23,13,25,16,29,17,29,25,28,29,35,54	1476533	1234,545,394,302,234,195,204,160,143,124,111,93,86,103,101,96,77,59,86,84,77,90,56,74,49,40,46,47,36,57,42,42,48,32,52,42,31,30,32,32,65,47,31,49,25,37,28,52,62,54,50,36,41,47,45,53,66,89,133	2945985
56	648,246,191,152,130,134,89,76,69,62,56,37,59,68,38,53,57,25,39,28,28,21,27,29,35,17,16,22,22,31,31,21,20,20,25,19,11,13,23,13,20,26,22,12,14,24,24,10,14,17,17,20,14,27,28,45,40,47,64	1491687	1200,539,395,325,225,206,153,142,110,119,135,121,108,89,77,69,72,72,59,77,74,79,61,76,43,54,35,43,49,39,39,50,53,28,60,33,44,44,36,33,51,30,36,37,39,37,26,54,57,51,24,47,49,44,41,50,62,95,119	2971255
57	663,239,183,133,118,114,78,90,56,71,57,51,72,56,46,36,48,26,36,24,31,19,31,16,41,22,19,28,30,21,34,22,23,14,14,18,9,17,13,17,13,27,17,9,16,18,21,21,33,21,13,28,14,27,25,28,24,30,59	1493032	1201,516,403,313,200,170,179,128,169,146,138,100,82,85,71,79,87,74,87,44,77,90,66,55,45,59,50,51,33,53,62,56,45,30,35,33,26,48,43,39,56,33,32,43,34,39,30,51,55,48,38,46,41,41,37,40,70,124,126	2872113
58	598,257,194,153,123,117,91,80,71,77,63,51,51,53,46,37,41,35,37,32,34,35,26,36,33,18,20,26,12,17,28,21,16,21,17,27,9,17,12,11,19,17,19,12,9,17,22,20,11,23,26,23,16,24,20,40,30,44,53	1478717	1169,587,418,327,241,198,179,154,135,144,123,103,93,96,79,84,75,62,79,64,82,65,55,52,44,51,47,53,36,54,49,53,61,44,48,24,23,41,47,33,47,36,30,48,35,34,33,40,57,44,39,40,35,36,35,49,52,88,140	2933093
59	628,249,175,146,127,108,105,88,81,84,56,44,61,47,50,39,57,32,28,30,19,28,19,18,29,29,21,17,19,22,21,26,20,19,18,25,2,23,18,10,15,31,24,9,19,16,17,29,29,29,21,25,11,21,22,25,31,34,52	1472089	1221,569,374,311,238,194,201,118,126,141,118,85,84,87,82,98,64,68,68,60,87,77,45,70,45,49,36,53,30,34,28,57,44,29,46,32,28,32,53,24,42,37,47,37,30,46,28,46,50,43,52,37,44,48,53,54,62,68,98	2944090
60	640,250,192,154,119,110,108,83,75,66,49,41,57,61,47,50,43,35,38,27,34,21,29,29,35,19,15,12,33,23,34,15,16,21,18,24,10,16,23,10,12,22,18,9,15,17,25,21,14,14,23,36,22,20,23,32,35,33,65	1488973	1144,523,393,296,216,200,185,135,116,154,118,100,88,91,95,95,76,61,73,96,81,80,63,81,63,55,35,58,45,60,48,39,56,34,58,37,33,41,39,37,53,33,35,28,39,31,28,52,46,47,33,41,43,44,42,67,79,81,113	2880484
61	642,227,179,134,125,100,102,74,55,75,55,44,50,51,38,45,46,32,49,30,29,28,27,28,42,24,22,29,18,34,27,21,18,12,18,25,9,23,14,19,13,18,21,14,18,19,23,18,25,18,26,27,19,25,24,31,26,48,56	1503073	1159,512,373,284,211,192,189,126,159,115,112,92,86,99,82,92,74,60,80,64,83,66,57,73,39,53,54,50,36,54,58,54,54,31,63,32,41,38,40,33,49,33,26,30,32,25,32,43,49,33,40,34,29,36,41,37,59,65,100	2895956
62	635,257,172,147,140,128,94,78,69,78,57,46,47,62,56,32,51,37,38,29,35,30,25,22,36,18,28,29,24,32,26,30,28,20,15,25,12,10,14,20,18,18,15,13,18,20,22,24,21,18,23,36,18,22,29,51,22,34,51	1508203	1235,548,356,294,221,203,179,129,126,130,117,102,93,84,74,106,63,72,85,62,82,75,64,56,59,59,43,39,39,45,40,50,48,45,59,40,34,32,42,29,52,39,28,39,32,38,23,46,58,43,41,35,39,48,44,72,77,77,86	2926578
63	612,254,179,157,129,121,92,77,78,78,60,46,81,62,57,53,48,39,43,20,40,29,35,28,35,21,22,23,22,26,23,28,23,21,28,24,11,18,20,10,15,21,27,16,27,13,24,25,20,15,14,22,15,26,16,47,31,40,44	1533814	1191,547,419,314,230,172,180,152,125,134,121,96,90,81,84,93,60,67,84,73,97,69,49,72,52,66,45,45,36,53,48,37,58,39,54,45,33,46,28,37,57,44,37,41,25,38,24,44,47,51,30,27,37,43,38,59,80,106,104	2900513
64	686,245,192,159,124,109,89,79,63,67,55,47,45,70,35,35,40,35,50,35,25,20,31,28,21,19,21,27,19,30,12,23,21,25,12,20,5,18,21,13,15,26,18,11,23,25,29,20,12,16,12,29,16,31,24,30,29,34,68	1487705	1192,537,352,291,211,185,157,149,140,123,113,101,79,99,78,81,62,56,84,57,86,88,41,62,55,68,43,59,37,35,56,50,48,30,44,29,38,30,36,34,58,33,27,34,25,33,29,34,58,46,28,45,30,39,58,56,61,78,116	2805016
65	634,260,188,155,116,111,96,79,77,75,48,45,58,73,42,51,48,23,40,22,30,32,19,31,48,20,20,22,19,27,27,18,12,19,15,23,8,17,20,13,14,18,18,12,19,23,19,21,24,17,15,31,17,16,27,53,25,40,56	1486306	1069,512,381,311,234,184,166,133,130,144,97,88,83,93,103,76,68,59,77,46,73,78,49,82,49,50,41,57,41,45,50,57,44,38,69,40,43,44,36,31,35,39,48,28,24,37,47,53,56,50,45,32,31,47,43,51,61,77,105	2882153
66	637,259,184,156,150,105,89,87,63,85,50,53,70,73,54,44,47,30,42,28,26,27,26,23,26,27,28,24,16,24,33,18,25,14,9,28,11,17,19,13,26,25,27,9,18,24,25,19,26,27,23,52,13,21,21,36,35,51,72	1516350	1198,553,370,297,223,227,192,129,128,107,115,74,86,87,73,93,76,64,72,64,98,77,55,64,46,54,43,55,36,58,44,30,52,26,54,32,21,47,35,39,61,44,38,21,34,38,31,41,58,41,32,28,43,36,44,58,60,79,123	2829721
67	653,254,196,158,128,133,92,80,55,68,54,45,54,60,46,44,45,37,37,26,27,24,22,27,23,19,24,18,23,33,19,20,22,17,20,19,8,21,19,22,11,28,20,13,15,21,24,16,19,27,20,27,17,23,25,35,35,29,61	1475565	1197,606,382,303,237,207,174,136,138,133,125,102,82,101,70,81,67,72,72,56,66,74,43,61,40,46,45,52,40,53,39,47,52,37,56,36,57,38,34,30,71,38,34,32,34,32,37,37,53,63,40,43,32,48,37,52,59,87,139	2868717
68	658,235,162,152,119,96,86,87,78,74,66,45,62,71,35,38,52,37,34,33,25,23,25,26,35,21,20,22,16,20,16,24,23,21,19,24,11,16,27,14,18,28,25,15,17,15,19,24,23,17,19,35,23,18,22,30,32,45,61	1523579	1142,573,371,305,216,188,169,151,134,147,111,109,83,97,86,73,78,62,79,68,88,84,53,63,55,44,48,50,37,59,52,43,52,38,64,29,47,54,49,35,37,46,41,39,31,37,26,41,48,41,49,39,39,43,41,61,59,79,98	2911850
69	622,235,182,157,124,97,92,82,78,77,53,44,62,67,46,45,54,31,29,37,35,26,33,21,31,26,23,24,24,31,25,20,18,24,20,29,5,18,12,18,22,34,22,21,18,9,22,19,18,13,12,28,19,25,21,32,25,33,54	1549351	1310,581,404,317,250,209,201,147,148,144,107,93,97,91,73,93,65,76,83,64,79,63,57,75,55,62,41,52,40,51,49,45,50,34,59,29,31,31,36,30,48,45,47,39,45,37,35,37,48,62,28,33,49,46,37,50,63,104,117	2979850
70	674,255,177,150,126,110,94,91,81,81,53,42,70,67,26,41,36,44,43,19,33,26,27,39,30,20,17,24,20,27,29,29,17,27,20,30,13,19,16,24,17,22,21,19,14,20,32,24,29,27,24,36,15,26,31,38,24,43,60	1533144	1265,582,366,288,254,186,154,154,138,142,125,95,93,96,78,88,66,69,90,54,81,74,50,72,48,43,34,39,39,48,36,40,50,37,44,42,49,29,48,36,62,49,35,34,50,35,28,62,43,39,33,43,35,32,36,63,55,68,120	2923487
71	648,253,192,164,145,115,111,95,84,89,57,45,63,59,50,42,29,41,41,31,23,30,20,23,37,19,26,23,23,34,19,18,31,27,26,23,6,19,18,16,8,25,23,17,22,12,26,30,14,33,23,32,20,24,28,38,32,38,48	1530355	1178,616,379,352,231,179,184,147,125,155,108,103,85,108,83,91,67,59,87,62,86,76,67,76,58,59,49,57,43,47,37,47,47,48,51,39,47,40,47,22,36,32,34,36,39,48,20,56,42,44,36,33,44,44,58,50,69,104,105	2923637
72	679,259,183,152,121,126,102,94,81,96,56,44,52,54,57,50,41,30,48,28,30,35,25,31,39,25,22,25,17,35,25,21,26,26,14,23,12,15,23,23,14,23,20,15,21,16,19,16,17,28,26,34,19,29,26,35,26,36,53	1538405	1180,508,369,317,235,176,170,144,124,114,104,102,79,75,87,86,61,60,66,73,86,80,62,75,58,52,45,48,42,66,45,45,51,36,61,26,31,40,46,29,54,34,35,32,33,37,35,46,52,44,28,38,40,48,45,71,56,91,105	2875225
73	704,262,183,155,133,130,99,82,80,77,62,52,55,53,39,40,53,37,33,28,24,26,27,21,32,35,22,29,31,28,32,20,16,19,22,21,5,16,20,19,25,21,19,12,17,19,24,17,16,21,17,26,21,36,24,40,31,34,79	1489134	1143,534,370,311,220,157,180,129,141,162,106,88,87,90,83,93,86,68,83,65,77,74,60,58,44,49,44,35,40,44,47,43,46,40,50,31,33,41,51,28,56,41,45,30,42,49,31,55,50,55,26,32,46,35,44,53,59,91,105	2808134
74	680,266,189,153,116,135,104,76,78,84,41,49,63,65,52,33,49,45,30,39,28,30,30,25,34,23,20,29,23,23,21,28,25,18,20,24,11,17,13,15,27,23,18,10,19,15,30,18,21,26,18,45,10,32,21,34,30,35,74	1512950	1115,554,390,294,260,182,162,146,125,133,117,94,76,87,84,91,78,86,91,54,80,70,57,73,59,43,46,60,39,42,41,51,63,29,71,34,41,45,50,32,43,45,32,30,30,34,31,38,47,43,40,46,49,57,40,48,63,67,109	2899610
75	655,264,182,148,133,133,75,91,66,77,63,36,70,51,38,33,37,24,45,22,37,27,27,31,32,15,24,30,18,23,32,22,32,17,22,25,15,18,14,13,22,23,18,16,10,18,34,20,21,16,26,38,15,32,34,35,27,33,75	1495896	1201,538,391,316,236,183,170,130,150,132,107,103,71,73,95,104,68,60,87,75,83,80,61,59,46,53,43,54,44,53,53,41,51,28,72,32,48,56,40,36,60,26,32,34,33,36,28,41,50,39,30,41,39,47,44,58,50,65,91	2837162
76	710,235,203,145,135,104,81,78,74,80,60,49,56,62,43,55,49,39,49,23,35,30,28,28,23,21,25,27,20,20,21,16,22,24,14,25,12,16,16,8,24,13,17,10,21,23,30,25,21,26,25,33,32,19,26,43,27,35,63	1522289	1204,531,419,259,233,204,172,146,153,130,127,101,89,76,88,81,82,58,73,67,67,65,63,53,38,51,42,45,39,54,56,40,43,39,62,44,30,33,33,30,67,34,37,44,41,33,26,41,52,47,31,30,39,29,35,45,65,96,116	2895412
77	624,260,193,154,121,110,88,83,74,53,35,34,56,55,61,47,55,26,36,37,34,27,19,27,47,13,16,24,21,23,32,9,18,16,23,20,7,16,15,11,16,23,17,12,18,16,24,17,24,19,18,22,19,23,27,38,21,52,56	1492745	1177,539,415,328,248,179,175,133,137,139,140,70,88,79,57,89,59,73,98,58,91,77,47,68,56,61,44,47,39,66,65,41,45,36,63,23,37,39,43,29,49,32,38,32,47,48,39,33,41,52,22,32,27,46,53,63,57,90,106	2917617
78	633,265,200,141,133,123,98,93,60,65,60,46,65,61,40,43,46,41,54,21,23,24,31,20,36,20,14,19,32,16,25,24,20,15,19,23,5,25,23,13,21,17,17,24,19,21,19,22,23,8,16,25,19,18,16,37,26,29,52	1502865	1089,548,354,273,224,176,188,136,132,106,125,97,86,100,79,96,70,53,90,61,86,68,58,64,50,42,37,51,45,52,37,46,38,39,65,25,30,54,35,32,43,41,39,28,31,33,25,39,53,37,42,26,46,48,38,56,63,94,112	2867593
79	684,244,189,153,124,121,74,92,49,78,52,54,45,55,42,33,58,44,60,28,34,26,31,24,26,27,16,20,19,18,20,22,27,12,17,21,10,12,21,13,16,31,23,21,15,23,27,15,17,16,26,27,24,23,15,35,39,43,61	1485268	1226,577,399,333,220,210,175,124,121,144,137,84,82,86,72,74,90,63,74,69,61,65,56,54,46,46,41,60,42,58,40,46,48,35,49,28,46,28,30,32,54,31,28,34,46,45,33,31,54,45,37,47,63,35,52,66,76,97,111	2936966
80	577,241,186,154,126,107,94,62,55,73,56,39,43,64,49,35,49,45,35,19,27,25,25,32,24,33,25,24,28,30,18,29,26,20,21,28,6,18,24,14,13,20,14,14,17,20,17,25,20,25,25,26,16,20,19,37,20,37,55	1485280	1193,543,384,286,222,194,197,147,151,138,124,82,97,90,74,101,84,76,90,87,89,87,61,80,51,59,44,53,36,46,34,49,42,36,66,34,31,52,48,49,57,37,43,33,45,35,22,44,48,49,32,42,32,35,48,60,53,68,103	2861299
81	602,263,180,140,131,99,86,66,63,83,52,53,57,77,46,43,53,27,37,31,30,21,25,27,29,16,22,23,23,22,27,26,19,21,20,16,11,17,17,19,22,27,23,13,27,20,32,11,22,25,30,26,23,23,19,34,20,31,65	1486400	1162,509,407,329,240,202,191,130,132,143,125,108,72,85,81,78,50,73,87,73,84,76,40,73,51,43,40,46,41,59,41,46,50,31,78,35,50,45,39,39,54,30,31,27,52,34,32,42,47,43,32,31,34,54,48,67,77,79,103	2909359
82	638,278,180,138,129,110,87,81,75,70,34,40,60,52,41,39,40,37,36,30,23,21,18,27,31,23,21,23,16,27,18,22,21,15,19,23,7,23,25,11,8,32,20,15,17,23,35,19,19,14,25,19,17,23,26,28,30,25,54	1474219	1152,542,350,282,225,190,165,150,145,136,121,89,81,94,70,100,64,59,60,66,81,68,49,56,65,56,48,44,42,47,53,52,57,47,58,33,41,39,44,38,55,36,44,31,41,39,37,34,50,53,28,28,19,41,47,66,49,81,96	2791519
83	628,238,173,168,148,118,95,95,59,80,56,50,65,71,37,46,56,40,39,22,29,15,23,37,31,19,16,28,26,29,28,15,22,13,18,22,9,16,23,18,23,21,16,15,23,27,40,18,15,13,20,32,22,29,26,29,25,38,50	1507712	1180,538,406,305,198,166,184,144,151,125,130,117,100,96,97,87,67,56,87,79,78,78,54,62,56,49,39,51,27,46,47,55,56,38,34,47,29,47,42,26,64,39,34,20,28,42,53,45,51,50,38,32,58,36,51,64,74,63,133	2940891
84	659,220,209,147,105,118,75,79,58,77,54,31,50,55,53,36,48,30,35,30,25,29,22,28,34,17,16,28,23,25,23,23,16,24,20,18,7,15,21,10,14,24,30,21,15,17,17,24,19,31,19,31,16,19,26,34,35,44,53	1473586	1116,547,383,284,214,197,196,133,124,109,112,85,84,77,84,80,70,62,86,52,79,82,58,63,54,47,52,50,36,54,47,40,50,34,63,23,35,50,40,41,55,37,37,34,36,44,30,51,45,53,21,34,29,43,38,54,64,81,101	2801082
85	678,219,193,154,121,113,101,67,69,64,55,49,55,57,49,50,46,45,32,30,29,15,32,29,34,28,25,15,21,31,24,25,15,17,20,26,12,22,29,18,8,21,22,19,23,24,24,19,20,16,26,24,19,23,23,31,37,44,58	1492442	1148,489,426,311,241,170,178,138,147,135,97,86,74,84,97,96,73,84,87,55,76,73,61,62,59,55,48,50,35,52,39,67,51,29,49,36,42,37,44,33,62,36,33,42,34,36,30,40,52,44,21,36,30,33,51,57,46,77,121	2874714
86	634,205,188,129,109,99,97,78,72,69,54,46,47,46,48,36,50,38,41,25,28,32,21,23,40,21,28,34,32,27,30,23,23,21,20,22,14,23,16,11,9,27,27,12,16,14,29,29,25,19,26,41,16,24,22,27,25,37,60	1508308	1203,536,405,324,228,184,196,120,129,155,109,96,92,94,74,77,82,57,84,57,83,74,55,87,52,57,50,51,41,55,48,41,37,31,51,30,33,41,45,39,46,28,39,43,31,30,24,50,59,31,36,24,26,36,40,69,65,97,97	2879349
87	600,239,199,134,115,117,77,67,72,89,59,51,63,51,50,37,52,41,32,29,35,29,28,24,38,20,20,20,20,19,23,15,22,25,16,25,8,17,21,16,12,31,23,13,15,13,23,15,11,18,24,22,16,18,15,33,33,37,72	1492382	1306,522,389,335,234,171,197,162,157,141,134,90,88,83,74,103,77,66,73,68,75,64,49,61,52,62,34,45,35,48,42,30,61,42,56,30,35,52,47,29,45,26,36,31,32,32,34,42,57,40,41,32,47,40,45,66,76,94,98	2937045
88	669,234,180,135,128,98,93,82,70,80,54,54,62,64,47,34,58,46,44,34,27,13,20,21,36,19,22,24,21,22,30,22,23,14,19,21,15,19,27,12,15,21,26,20,18,13,35,22,19,25,30,39,14,17,26,41,41,40,62	1470067	1227,530,429,297,220,173,187,150,145,127,109,80,72,94,77,83,55,55,77,70,81,89,49,55,49,50,46,66,34,63,46,45,45,35,44,40,44,41,37,27,71,30,40,35,24,37,34,41,60,42,24,34,39,47,39,65,61,72,109	2953786
89	588,247,194,153,128,98,90,82,65,85,58,40,55,52,63,43,39,35,41,33,32,28,25,26,32,27,24,17,23,38,23,24,18,21,25,27,11,19,15,15,12,19,16,14,14,13,22,19,19,30,23,32,16,25,23,30,33,34,67	1504534	1231,554,394,338,214,212,181,151,129,132,115,102,73,86,90,75,77,72,77,70,100,83,51,69,52,45,39,45,29,57,43,32,38,24,61,39,41,26,43,34,53,29,43,24,48,41,29,51,54,52,34,36,45,39,60,63,72,72,129	2836161
90	664,257,182,154,115,121,89,82,87,88,81,61,62,65,42,47,53,33,30,39,46,24,24,24,33,27,23,23,26,26,32,23,18,19,21,37,14,15,14,16,22,32,21,19,17,13,18,22,21,18,21,29,22,19,21,33,36,44,60	1518727	1188,550,383,324,259,223,193,154,135,139,125,100,96,89,87,111,76,54,68,70,73,64,62,68,55,59,53,36,35,57,46,48,56,24,59,38,38,51,42,42,57,39,29,35,31,31,26,38,50,50,37,43,39,58,36,62,62,71,100	2893743
91	671,261,212,138,122,118,100,81,67,71,58,58,73,73,43,43,50,42,56,27,31,30,22,30,35,21,28,28,23,26,30,24,21,23,26,26,8,22,15,17,18,19,23,20,19,25,28,21,22,17,23,35,14,19,21,39,27,45,74	1536894	1180,551,406,296,219,188,178,159,137,151,123,93,68,95,59,76,81,61,83,66,83,71,55,57,49,51,46,70,41,58,51,37,52,29,66,42,41,34,40,27,55,37,34,36,39,35,27,43,41,48,32,33,29,47,37,50,59,86,124	2819672
92	667,230,187,138,128,111,99,81,54,79,45,36,49,69,51,28,47,25,47,29,33,21,30,26,39,13,23,20,20,29,18,16,22,10,21,15,9,17,16,13,17,18,25,8,16,22,30,14,20,18,27,37,17,13,20,40,40,31,58	1465336	1148,542,389,270,239,178,187,121,173,154,113,123,100,109,90,98,76,72,89,65,82,73,68,82,50,48,43,52,42,50,55,47,42,34,59,38,37,40,49,34,60,40,39,37,37,34,24,45,48,40,32,48,44,44,39,60,64,61,97	2857377
93	580,242,183,167,135,118,95,74,69,86,58,46,59,57,47,58,57,33,51,28,29,19,27,21,37,25,18,19,23,18,27,25,21,23,23,29,5,21,24,16,24,25,27,19,16,22,21,17,22,21,20,26,11,16,24,41,29,39,44	1519877	1256,576,381,304,233,226,194,141,153,109,99,115,90,99,93,96,63,69,83,70,119,75,60,51,45,42,34,40,47,59,49,41,45,28,53,36,37,44,46,33,44,38,36,32,33,49,37,47,50,41,38,47,48,48,51,69,67,94,105	2928747
94	609,252,199,157,122,119,73,68,66,76,61,59,67,60,46,35,32,41,34,26,39,24,34,24,32,22,22,23,36,26,21,21,24,23,16,21,12,20,20,12,15,22,18,17,17,19,33,25,14,12,28,28,18,33,21,35,35,38,54	1496664	1190,570,394,327,216,183,194,118,154,122,122,96,85,89,87,88,86,68,71,60,69,81,49,67,57,48,45,57,43,50,49,49,52,27,50,45,41,23,27,27,41,27,39,30,39,29,29,40,57,36,29,35,38,40,49,44,60,75,125	2845456
95	663,234,186,125,134,107,94,84,82,84,66,53,47,62,51,48,53,34,27,27,26,26,23,30,36,27,28,28,27,31,31,23,21,18,35,23,9,16,15,12,21,25,26,18,17,9,16,22,26,18,22,28,26,19,31,44,31,29,61	1518238	1138,585,411,315,209,181,177,120,162,118,111,111,88,100,89,86,77,66,74,62,85,70,42,67,41,58,55,48,41,58,51,48,52,35,50,32,43,36,32,34,45,43,37,34,30,30,37,46,47,33,27,30,32,40,43,43,54,78,95	2901638
96	620,253,157,147,128,110,95,75,69,84,47,52,44,55,30,42,54,33,45,34,27,28,21,27,36,30,24,21,13,28,27,19,24,24,15,16,8,19,19,13,14,24,17,15,14,22,24,20,17,15,12,18,14,20,27,25,24,38,63	1483926	1199,553,363,317,250,172,165,133,116,140,106,77,81,80,87,87,81,57,100,53,85,81,58,72,36,66,49,53,49,41,38,46,49,33,59,36,33,35,43,38,50,33,31,29,32,35,24,50,55,49,25,39,35,40,47,62,59,66,105	2869431
97	661,251,180,164,138,113,78,83,56,78,51,45,51,55,34,42,59,35,34,26,35,35,34,24,38,26,26,25,15,22,25,17,21,25,21,23,9,16,15,17,12,24,16,9,18,8,24,33,27,18,31,26,18,25,27,37,32,44,63	1485757	1180,526,383,299,229,179,188,136,135,123,101,90,75,85,87,78,80,56,72,66,83,85,50,74,55,60,51,47,49,55,39,41,47,41,56,28,34,47,39,33,51,42,39,41,38,51,26,53,50,34,58,30,39,36,37,65,58,87,115	2916302
98	673,229,185,153,143,98,101,63,61,68,42,53,50,84,39,44,49,24,33,32,30,25,34,21,29,17,21,15,18,26,30,16,15,16,21,17,11,19,23,16,19,23,25,14,19,13,29,22,16,13,16,28,21,18,22,32,32,46,64	1508443	1246,516,407,286,240,187,155,135,143,138,120,92,66,73,89,94,91,60,97,65,79,68,51,72,48,59,49,60,44,67,46,45,57,38,62,42,39,30,33,36,44,49,47,40,42,61,40,40,58,42,37,44,37,31,34,58,58,68,111	2936514
99	634,236,178,160,135,107,109,85,65,74,55,30,60,70,46,42,40,35,42,27,29,27,20,27,35,22,23,33,30,25,34,19,23,19,15,20,15,22,22,13,14,26,31,15,25,19,30,29,16,23,21,40,24,23,23,31,36,50,79	1487312	1172,544,385,278,238,219,193,133,123,117,91,98,104,104,76,117,69,67,81,55,82,73,46,67,41,54,40,58,37,62,45,49,54,35,55,41,29,48,31,29,45,52,47,52,35,46,28,43,50,44,37,41,38,39,34,71,57,80,88	2894257
100	646,264,198,130,156,121,112,92,75,82,54,55,62,71,47,45,34,44,42,27,35,24,26,32,36,21,30,20,23,24,38,26,19,15,19,21,5,13,16,16,17,15,27,11,18,13,25,17,13,25,15,30,12,26,19,46,31,35,66	1528435	1155,530,419,314,217,175,171,153,143,124,98,119,84,86,84,71,70,57,79,66,84,53,39,70,53,59,43,67,58,55,32,47,47,33,65,41,48,36,42,30,59,32,30,28,37,29,31,40,54,48,32,32,51,42,44,58,67,78,123	2919517
