bs_rep	neu_sfs	neu_call	sel_sfs	sel_call
0	2844,1259,832,693,547,494,405,345,342,307,256,228,229,234,193,194,196,172,147,153,141,134,118,130,124,113,118,112,107,113,103,90,110,94,102,83,99,102,101,74,114,105,92,103,84,79,111,83,93,105,93,103,123,108,107,149,154,176,246	6802910	159278,68320,47262,35657,29858,25358,22466,19163,16941,15423,14203,13155,11936,11196,10738,9969,9320,8857,8520,8086,7946,7556,7142,6654,6609,6470,6219,5992,5827,5718,5586,5590,5462,5251,5013,5021,4928,4968,5067,4789,4922,4874,4770,4766,4848,4613,4933,4887,5031,5075,5264,5440,5712,6095,6605,7299,8267,10118,13319	386158847
1	2919,1245,793,701,505,478,421,341,315,319,273,251,260,203,205,202,181,169,141,150,136,122,121,130,124,105,115,120,123,123,107,77,111,106,120,95,77,96,107,84,111,86,88,102,79,80,104,87,93,98,81,81,126,95,100,162,162,173,264	6749769	157720,67598,47032,35589,29863,25438,22602,19184,16748,15336,14171,12902,12015,11242,10734,9864,9255,8925,8399,8165,7780,7500,6997,6549,6429,6388,6223,5994,5734,5557,5491,5469,5378,5096,5043,4912,4859,4916,5077,4817,4855,4838,4815,4872,4796,4724,4992,4932,4941,4982,5222,5493,5614,6347,6617,7357,8486,9998,13540	382384230
2	2819,1268,797,694,542,466,416,362,366,314,270,223,264,217,205,191,231,189,155,140,133,148,98,137,112,116,134,123,110,108,109,108,115,73,101,76,107,96,103,69,122,102,99,105,74,82,118,64,105,104,89,96,112,114,98,166,148,187,238	6748991	157382,68551,47478,35644,29470,24526,21636,18990,17100,15638,14545,13104,11933,10992,10546,10055,9154,8657,8300,7810,7793,7404,7003,6601,6589,6300,6262,5989,5693,5523,5530,5510,5387,5192,4904,4924,4903,4964,4950,4870,4633,4823,4697,4656,4889,4716,5010,4873,5054,5139,5247,5356,5608,6004,6643,7169,8253,10228,13142	383730064
3	2812,1241,819,670,568,478,405,389,350,322,236,243,213,234,187,198,206,179,119,171,151,134,120,138,116,122,120,125,121,135,105,93,96,101,88,71,116,106,96,69,112,110,90,89,76,67,101,86,85,129,85,134,135,97,110,127,151,194,260	6778622	155470,67143,45995,35122,29011,24601,21922,18804,16704,15117,13797,12955,11800,10999,10478,9888,9080,8573,8313,8104,7963,7414,6882,6424,6364,6424,6064,5773,5699,5685,5410,5520,5308,5135,4878,4933,4716,4829,5025,4766,4742,4779,4686,4590,4613,4539,4815,4766,4979,4908,5192,5299,5531,5811,6300,7020,7983,9711,12808	377219018
4	2878,1244,796,730,546,516,436,354,343,331,237,237,232,263,183,189,202,161,153,143,138,107,106,153,146,110,113,122,98,120,92,82,120,102,90,72,87,113,95,83,120,95,94,82,93,93,115,84,102,103,73,104,112,114,117,156,165,155,260	6816543	159297,67718,47126,35913,30183,25137,22587,19389,16994,15358,14268,13347,11829,11300,10703,9995,9283,8861,8322,7881,7948,7671,7016,6666,6534,6424,6280,6006,5737,5770,5569,5549,5486,5193,5019,4949,4869,5030,4962,4812,4758,4826,4888,4767,4965,4750,4888,4986,5124,5164,5217,5476,5641,6181,6665,7275,8283,10260,13073	385519567
5	2880,1237,879,709,597,504,406,323,352,301,242,232,249,212,193,206,192,149,152,163,145,146,112,146,128,85,140,119,100,106,97,77,110,104,92,97,94,87,103,81,123,112,82,99,99,74,117,89,106,90,85,124,117,112,114,154,164,183,259	6858130	158842,67641,45809,34912,29203,25110,22071,18862,16867,15160,14173,12870,11845,10977,10553,10024,9180,8740,8424,8113,7915,7511,7255,6670,6655,6380,6116,5933,5625,5538,5367,5571,5211,5275,4903,5038,4962,4812,4941,4703,4836,4800,4619,4761,4756,4534,5000,4969,5064,4938,5123,5193,5696,6086,6492,7305,8058,10197,13401	383690210
6	2821,1278,820,703,588,484,381,347,325,281,262,206,211,238,192,190,195,174,148,151,146,139,93,132,130,99,102,106,105,113,95,81,125,86,106,84,102,105,100,64,110,110,96,105,95,76,107,77,96,111,90,98,138,111,97,153,159,199,265	6759981	159203,67566,46837,35869,29873,25696,22802,19350,16686,15551,14312,13032,11987,11119,10984,10007,9260,9150,8467,8024,7855,7539,7179,6684,6595,6366,6208,5790,5671,5668,5510,5501,5496,5371,4992,5025,4892,4937,5054,4686,4978,4873,4755,4790,4799,4549,4853,4886,5083,5204,5302,5744,5821,6141,6573,7342,7956,9948,13562	387543937
7	2799,1270,818,659,560,463,398,334,316,291,260,223,229,235,189,211,185,170,155,168,147,139,106,120,130,132,117,100,108,109,111,95,120,81,111,80,118,90,92,73,115,90,102,104,91,65,99,103,97,95,90,115,100,111,113,145,156,172,264	6708799	156533,67075,46636,35336,29471,24914,22513,19015,16866,15737,14322,13268,12152,10825,10710,9850,9427,8957,8506,8120,7881,7411,7061,6554,6530,6351,6107,5862,5679,5748,5420,5516,5397,5146,5045,5041,4995,4935,4997,4747,4983,4753,4754,4586,4681,4623,4855,4893,5097,5158,5103,5370,5641,6038,6474,7109,7882,10034,13002	377476409
8	2858,1218,877,678,531,514,350,351,341,300,257,232,210,219,194,189,209,166,137,156,156,143,125,139,126,113,120,119,102,119,110,97,90,83,112,72,96,100,95,74,113,111,105,119,86,85,113,86,78,108,91,104,114,112,103,157,146,198,232	6742844	159081,68118,47925,35796,29646,25494,22558,19173,17039,15300,14423,13389,12067,11411,10902,9877,9191,8558,8489,8093,7913,7508,7035,6390,6453,6458,6154,5979,5901,5758,5626,5611,5424,5136,4895,4797,4805,4851,5073,4832,4961,4893,4872,4994,5006,4697,5061,4889,5089,5131,5349,5518,5873,6124,6632,7424,8277,9897,13066	385311755
9	2698,1234,837,685,553,474,442,362,349,292,231,235,247,228,210,203,186,151,138,135,140,154,114,143,133,105,105,99,115,117,100,94,120,99,90,89,102,101,103,89,141,118,88,120,91,92,101,73,89,87,91,103,134,105,109,140,147,194,239	6745871	159252,68695,47019,35723,29639,25318,22784,19781,17414,15464,14485,13223,12074,11164,10985,10040,9569,9034,8589,8060,8006,7595,7032,6581,6578,6507,6324,5962,6015,5960,5747,5688,5637,5301,4903,5019,4965,4924,5128,4851,4884,4974,4786,4845,4879,4545,5065,4950,5290,5124,5470,5735,5704,5971,6397,7185,8181,10030,13108	386052931
10	2840,1222,819,661,559,477,428,325,357,301,281,200,219,227,183,193,178,163,138,155,141,122,125,137,119,117,117,95,104,102,102,100,132,98,91,112,85,108,108,75,116,108,99,104,88,77,101,92,94,110,96,118,123,112,128,158,149,160,251	6847927	159985,68331,47474,36183,29976,25487,22665,19338,17298,15544,14454,13334,11906,11010,10700,10119,9401,9056,8344,8241,8149,7495,7294,6707,6722,6513,6217,5993,5683,5745,5473,5647,5438,5374,4956,5023,4975,5037,5099,4861,5140,4899,4749,4867,4753,4526,4869,4974,5069,5146,5281,5574,5644,6216,6629,7583,8503,9870,13237	388936463
11	2817,1286,822,703,554,486,399,337,307,311,265,231,231,213,170,191,204,195,167,152,135,139,107,125,127,121,130,113,118,110,110,100,103,95,87,106,94,111,95,87,117,96,96,107,93,72,87,79,99,83,89,93,116,103,103,164,150,195,236	6812457	158325,68137,47142,35414,29061,24857,22399,19213,16611,15242,14002,12988,11949,11069,10376,9774,9181,8662,8359,8107,7833,7569,7238,6707,6704,6358,6324,5961,5835,5686,5640,5548,5576,5283,5221,5017,4943,4757,4691,4698,4681,4796,4612,4595,4732,4606,4893,4740,5041,4997,5311,5360,5600,5794,6638,7302,8341,10246,13199	382673178
12	2875,1244,797,627,527,533,407,343,328,310,268,219,217,228,212,211,205,176,174,163,138,136,123,119,109,122,105,107,114,116,101,89,96,93,113,82,103,127,88,68,113,110,89,97,81,83,119,84,80,111,98,99,137,104,103,154,130,169,231	6779640	159004,68405,47003,35249,29639,24963,22240,19032,17179,15819,14296,13311,12015,11285,10932,10119,9334,8847,8765,8048,7868,7707,7242,6563,6409,6614,6270,5867,5787,5491,5548,5546,5481,5280,5020,5054,4915,5037,5173,4822,4911,4733,4730,4839,4945,4616,5090,4932,5036,5181,5256,5367,5635,5914,6615,7308,8050,10107,13591	383634557
13	2731,1325,815,743,558,476,401,322,325,302,265,236,210,246,223,199,198,164,139,136,120,124,116,125,126,113,103,103,101,118,113,106,102,96,99,80,101,122,104,87,129,106,88,95,82,82,122,91,102,102,98,105,124,110,105,172,142,176,258	6807936	159788,68306,47423,35964,29646,25415,22328,19193,16939,15562,14379,13098,11954,11206,10905,10051,9435,9166,8632,8210,8098,7688,7153,6669,6707,6388,6356,6245,5880,5901,5695,5672,5504,5305,4914,4945,5078,4992,5058,4731,5078,4849,4835,4813,4941,4682,4866,4906,5115,5157,5226,5487,5617,6063,6549,7272,8243,10173,13081	389952982
14	2833,1250,813,677,554,477,370,329,328,310,283,221,216,217,186,183,192,190,182,154,152,141,97,142,127,126,109,133,123,116,95,87,125,83,89,75,87,100,86,76,120,99,112,100,83,69,109,86,105,102,91,101,101,111,98,154,151,187,245	6750719	157689,67924,47549,35675,29635,25392,22051,19112,17039,15486,14306,13128,11864,10989,10644,9738,9342,8766,8484,8102,8025,7635,7212,6668,6662,6330,6244,6000,5889,5794,5664,5654,5662,5399,5034,5034,5084,5085,5221,4866,4984,4941,4775,4794,4928,4568,5029,4794,5036,4983,5257,5521,5733,6164,6644,7319,8156,9868,12950	385575431
15	2835,1253,798,691,520,479,403,322,314,316,255,202,214,239,197,198,202,185,124,160,147,154,129,122,122,101,133,107,126,95,91,76,113,87,110,78,87,113,116,69,104,107,75,114,81,86,102,68,86,112,97,102,111,109,94,164,153,181,243	6784288	158974,68300,47028,34934,29752,24878,21694,18777,16959,15566,14232,12984,11987,10958,10520,9948,9309,8882,8485,8133,7921,7703,7307,6422,6395,6343,6055,5949,5632,5701,5507,5534,5275,5220,4945,5040,4855,4901,5056,4671,4915,4877,4753,4859,4805,4714,4970,5008,5147,4999,5153,5246,5633,5889,6534,7109,8172,10184,13355	384389874
16	2849,1296,832,683,529,495,392,352,344,312,249,228,247,235,203,202,228,147,154,130,139,134,118,139,120,101,116,95,90,114,83,98,114,101,96,91,105,94,75,76,105,133,99,101,80,86,104,90,80,103,106,90,117,106,101,169,148,187,257	6814454	159912,68729,47560,35167,29824,25418,22603,19183,16820,15188,14055,12950,11970,11123,10697,9916,9425,9005,8645,8144,8133,7692,7235,6706,6801,6439,6258,5915,5797,5722,5497,5359,5539,5209,5110,5014,4934,5021,4946,4664,5048,5006,4872,4863,4860,4765,4980,4909,4830,5127,5286,5399,5753,6115,6597,7121,8362,10158,13642	384918341
17	2848,1242,838,642,533,480,395,353,317,346,277,216,214,233,155,204,194,160,176,149,116,117,95,138,119,114,130,109,92,87,104,91,104,99,105,83,100,83,112,80,123,98,91,98,86,78,105,86,91,95,94,94,119,97,131,152,158,170,248	6714827	158493,67847,46530,35556,29529,24539,22251,19114,16817,15227,14159,13195,11937,11234,10898,9789,9214,8970,8577,8007,7994,7485,7140,6643,6688,6501,6232,6018,5829,5752,5515,5615,5542,5224,5114,5072,4984,5074,5071,4858,4833,4892,4826,4610,4807,4854,4982,5016,5033,5220,5097,5251,5567,5901,6235,7097,7938,9882,13384	382719943
18	2783,1280,855,687,531,465,385,335,361,324,247,241,234,232,208,212,193,197,135,163,129,151,126,124,112,125,124,89,95,77,77,90,100,82,85,76,105,101,108,83,119,121,85,100,91,79,123,82,82,91,89,114,124,104,102,162,147,178,234	6792653	160161,69060,47025,35473,29425,25412,22299,18949,16959,15371,14290,12936,11780,10838,10754,9896,9266,8725,8518,7886,7932,7392,6881,6571,6659,6447,6021,5685,5585,5435,5609,5494,5409,5178,4776,5098,4813,4977,5109,4760,4952,4911,4767,4585,4804,4679,4941,4868,4866,5044,5053,5226,5686,6245,6379,7046,8314,10126,13141	386630484
19	2841,1267,883,723,520,494,423,361,339,294,230,222,273,239,218,210,192,147,156,148,141,130,128,143,132,104,115,108,101,112,99,94,96,94,97,85,103,94,100,73,123,100,95,109,72,75,115,69,101,116,88,125,145,118,98,133,154,169,261	6791561	161774,69291,48523,36467,30073,25929,23035,19965,17355,15520,14685,13749,12379,11418,10909,10180,9560,9050,8854,8424,8033,7644,7045,6624,6566,6638,6434,6044,6039,5642,5664,5743,5544,5315,5091,5158,4986,5025,5283,4928,5084,5043,4850,4721,4923,4651,5253,5198,5104,5216,5351,5553,5717,6328,6633,7368,8736,10278,13257	393355702
20	2839,1239,793,657,542,503,443,307,338,314,258,227,230,258,190,207,181,177,160,175,132,121,112,112,131,102,114,100,92,92,106,87,96,81,112,92,95,81,88,67,107,111,89,123,88,73,111,73,98,88,84,116,118,116,95,147,149,164,247	6789608	160756,69669,47264,35276,29682,25368,22671,19179,17160,15909,14300,13304,11830,11240,10687,10046,9195,8872,8372,7965,7859,7404,7163,6652,6628,6508,6243,6066,5792,5626,5492,5682,5356,5282,4906,4968,4955,4866,5078,4780,4925,4803,4648,4696,5022,4630,5084,4956,5068,5280,5361,5490,5754,6160,6773,7332,8331,10429,13676	388759727
21	2848,1251,867,655,536,492,398,337,336,329,256,239,198,214,182,190,208,183,134,149,121,142,101,138,124,123,115,99,105,112,108,77,92,111,114,79,89,108,97,69,104,107,70,98,77,88,104,88,101,98,84,102,130,108,109,162,136,169,249	6778564	154277,65655,45859,34686,28837,24527,21918,18542,16286,14800,13587,12742,11596,10852,10528,9722,9037,8485,8194,7694,7620,7358,6943,6446,6432,6161,5895,5747,5590,5592,5373,5284,5246,5174,4916,4889,4848,4797,5017,4668,4825,4676,4648,4554,4805,4436,4897,4612,4848,4807,5088,5300,5649,6031,6397,7131,8013,9817,12794	375579154
22	2897,1245,834,704,545,490,423,332,376,320,247,243,215,246,197,182,195,181,136,156,153,139,118,123,104,120,133,118,89,123,110,102,114,92,103,72,99,92,103,79,134,93,98,101,91,87,140,75,95,121,90,116,125,90,92,156,181,178,245	6855620	157945,68303,47214,35058,29462,25354,23126,19164,17141,15473,14424,13384,12029,11168,10721,9861,9326,8887,8499,8174,7818,7413,7168,6713,6563,6370,6080,5765,5700,5766,5600,5662,5391,5071,4856,4942,4992,4988,5078,4860,5019,4977,4765,4834,4948,4733,5025,4982,5041,5190,5319,5508,5853,5991,6581,7310,8209,9928,13229	384563995
23	2897,1247,790,704,553,495,404,386,371,292,231,247,225,250,199,189,212,190,142,143,153,125,125,136,112,113,108,98,84,118,116,92,102,103,86,92,97,93,115,57,120,98,89,116,91,89,113,74,106,96,99,112,141,91,104,142,139,195,245	6816266	156907,67355,47544,35880,29078,25173,22157,18812,16935,15584,13970,12849,11718,10918,10643,9974,9170,8750,8394,7910,7774,7450,7139,6684,6666,6479,6276,5996,5965,5741,5645,5576,5435,5221,4906,4939,4935,4983,5042,4734,4844,4912,4775,4902,4870,4487,4725,4809,5010,5404,5438,5654,5619,5843,6399,7293,8517,10038,12635	382546091
24	2809,1270,874,713,555,462,399,365,376,311,238,239,211,238,188,223,180,167,152,165,150,129,141,135,129,106,118,126,96,98,96,96,109,111,93,90,87,87,80,89,116,107,95,104,84,62,121,99,96,94,97,101,133,110,103,147,131,154,253	6814816	158064,68780,47407,35212,29248,25119,22263,19114,16907,15167,14012,12840,11758,10981,10567,9834,9242,8844,8484,8032,8034,7373,6975,6542,6596,6409,6301,5987,5859,5604,5572,5416,5476,5107,4896,4962,4767,4798,4906,4826,4849,4821,4641,4842,4702,4530,4826,4823,5158,5056,5243,5356,5596,6030,6438,7335,8004,10330,13083	384154002
25	2866,1297,854,690,569,500,402,338,347,291,280,233,229,220,188,207,191,195,144,182,131,121,112,127,116,115,129,123,121,110,107,81,105,84,103,86,95,125,92,93,108,88,100,112,75,73,125,89,96,116,79,106,117,107,124,156,159,183,243	6894695	161820,68323,47386,35721,30102,25486,22295,19592,17329,15716,14325,13310,12416,11327,11019,9961,9371,8630,8399,7939,7888,7738,7297,6639,6651,6480,6197,5925,5750,5648,5362,5685,5530,5367,5159,5075,5104,5109,5199,4922,4800,4785,4708,4797,4919,4594,5189,4825,5114,5206,5369,5468,5668,6423,6625,7505,8322,10266,13655	389127700
26	2790,1277,802,727,539,529,422,345,341,295,254,229,252,230,183,194,220,156,145,164,138,123,107,141,134,95,132,117,124,108,107,112,104,108,100,99,107,99,95,62,122,104,92,104,75,77,113,83,78,106,106,107,126,107,102,144,158,174,249	6864983	158674,68013,46665,35808,29563,25442,22437,19175,16930,15426,14193,13134,12053,11252,10708,9917,9276,9005,8538,8152,8001,7640,7229,6598,6635,6581,6167,5905,5854,5681,5506,5517,5506,5241,5068,4949,4792,5052,4968,4646,4794,4895,4720,4762,4870,4566,5004,4910,4978,4993,5313,5486,5677,6186,6343,7357,8145,9949,13126	382423120
27	2849,1226,850,694,499,487,406,363,368,318,279,253,227,233,179,191,198,160,154,148,145,152,106,148,123,97,116,109,101,132,105,92,103,80,125,79,103,106,119,63,138,121,81,93,86,81,109,90,88,110,84,123,121,110,124,153,160,171,256	6799893	159405,67672,47186,35060,29775,25246,21935,18729,16814,15399,14149,13116,11649,11118,10744,9996,9311,8978,8574,7914,7757,7304,7051,6586,6661,6432,6116,5711,5584,5602,5538,5540,5383,5365,5077,5053,4981,4971,5112,4775,4809,4856,4870,4971,4754,4588,4845,5003,5028,4905,5212,5065,5436,6039,6651,7125,8082,9982,13646	383576629
28	2914,1243,787,711,565,494,388,337,366,289,248,254,216,248,201,201,181,146,140,134,139,136,114,130,123,133,135,113,107,121,111,92,122,89,123,78,93,99,87,78,136,87,98,109,77,91,105,102,80,139,92,113,109,93,114,164,138,168,236	6777680	159917,69513,47511,35948,30814,25437,22836,19335,16900,15630,14113,13164,12231,11261,10707,9925,9204,8664,8688,8045,7896,7377,7159,6827,6841,6715,6238,6135,5807,5558,5580,5653,5459,5266,5052,5058,4884,4866,5012,4630,4861,4768,4691,4851,4803,4659,5243,4976,5172,5078,5358,5484,5827,6270,6899,7489,8213,10223,13240	389605809
29	2887,1263,805,706,566,467,376,353,360,306,231,218,234,223,179,200,176,161,148,138,138,123,114,118,120,104,121,114,98,117,87,100,93,94,100,104,94,100,106,69,127,97,84,103,88,82,111,81,97,95,79,104,123,118,102,152,169,193,248	6784240	156301,67144,46484,34957,28977,24366,22049,18767,16308,15064,14094,12788,11595,10835,10046,9544,9157,8496,8179,7981,7770,7421,7087,6520,6319,6137,5966,5858,5759,5574,5468,5580,5476,5298,4890,4909,4938,4928,5100,4768,4917,4843,4626,4682,4693,4526,5000,4969,5143,4809,5041,5405,5702,5915,6405,7307,8329,9950,12999	378992755
30	2874,1290,932,692,534,489,411,378,355,334,264,224,249,239,192,212,188,170,133,157,139,130,139,137,134,109,118,111,98,103,90,90,145,99,96,79,116,120,102,66,131,122,79,112,83,81,116,85,91,112,93,100,135,114,114,168,156,162,271	6848235	161428,68593,47319,35990,30254,26095,22887,19377,17076,15755,14691,13229,12198,11512,10795,10133,9719,9074,8630,8409,8065,7627,7289,6758,6565,6668,6418,6069,5788,5657,5637,5706,5496,5282,5052,5143,5076,5029,5212,4932,5067,4949,4914,4883,4887,4592,5029,4954,5243,5108,5261,5505,5853,6282,6440,7184,8272,9971,13816	387941864
31	2812,1261,851,663,544,465,403,384,332,313,257,225,222,247,171,189,210,187,156,147,138,152,116,138,121,114,118,97,110,100,107,69,109,112,113,88,105,89,111,65,116,116,96,110,81,85,103,87,92,102,105,119,137,120,116,144,164,173,241	6832876	161106,69012,47632,35736,29981,25857,22926,19442,16998,15621,14248,13431,11870,11057,10859,10311,9465,8748,8619,7998,7834,7641,7296,6703,6561,6470,6483,6074,5917,5719,5651,5542,5421,5215,4984,4978,4982,5016,4907,4868,4973,4966,4853,4808,4818,4502,4895,4922,4999,5161,5347,5681,5776,6236,6675,7255,8652,10422,13263	390628601
32	2810,1323,825,704,548,452,447,397,340,256,262,237,203,251,174,193,227,163,125,135,140,143,117,120,115,111,102,116,129,115,100,89,100,101,90,71,93,112,84,73,116,106,103,110,65,79,110,79,71,118,78,93,139,102,109,148,157,163,232	6751784	157759,68169,46864,35309,30129,25262,22216,18949,16724,15575,14099,13197,12025,11235,10670,9967,9333,8761,8562,8303,7918,7554,6992,6590,6514,6410,6274,5959,5983,5630,5579,5566,5422,5235,5091,4991,4883,4798,5051,4994,5014,4934,4668,4699,4841,4861,4911,4838,5113,5111,5094,5299,5675,6119,6629,7316,8404,10129,13470	384833229
33	2695,1203,791,720,516,492,394,347,359,334,271,205,211,212,177,182,183,195,162,152,137,146,100,119,132,100,122,113,90,107,90,86,95,104,102,91,104,112,99,73,112,110,74,92,92,82,114,76,93,98,108,112,113,99,91,158,155,177,213	6752834	158902,68416,47476,36631,30944,25430,22702,19385,17005,15319,14294,13009,11862,11214,10743,9885,9323,8648,8632,8392,8003,7792,7178,6504,6642,6310,5997,5731,5860,5634,5435,5543,5292,5170,4903,5228,4995,5281,5293,4759,4920,4890,4685,4746,4899,4523,4969,4965,5054,5128,5313,5507,5607,6070,6876,7598,8277,10343,13264	387767647
34	2932,1211,828,693,553,531,395,342,385,302,234,242,223,243,174,195,197,150,155,158,155,133,119,135,101,132,100,133,102,121,105,91,94,86,92,91,101,94,92,69,104,99,91,115,94,97,114,77,95,96,101,107,115,105,120,137,169,178,256	6781307	156625,67091,46287,35130,29952,25045,22691,18951,16812,15291,13965,12950,11959,11281,10707,9721,9146,8498,8474,8071,7901,7495,7198,6562,6626,6560,6225,5931,5817,5660,5563,5669,5388,5210,4979,5013,4840,4843,5022,4745,4892,4699,4664,4812,4819,4662,4829,4845,4817,5152,5373,5426,5636,6175,6530,7290,8070,9856,12764	381263904
35	2861,1313,808,689,537,501,394,370,351,298,242,236,223,230,217,171,210,162,151,141,148,139,130,134,133,112,131,111,119,110,94,72,108,98,101,69,102,94,99,71,150,101,93,106,83,83,120,88,91,114,99,110,113,112,114,159,164,192,244	6816959	158533,67482,47306,35115,29349,25005,22029,18909,16787,15335,14195,13130,11920,11064,10720,10105,9172,8808,8487,8186,7881,7521,7141,6653,6617,6470,6191,5948,5735,5623,5439,5551,5392,5294,4935,5032,4867,4990,5233,4888,4800,4784,4722,4811,4933,4654,4919,4814,4932,5069,5100,5490,5512,5979,6512,7166,8220,9755,13021	382148272
36	2846,1245,817,663,577,514,417,333,358,312,258,242,253,234,191,203,187,184,147,156,143,119,123,141,117,99,118,114,90,104,101,105,130,108,84,78,109,106,101,80,116,86,83,88,84,85,112,74,104,94,106,114,108,103,86,145,148,172,228	6790485	158273,68279,46205,35523,29388,25503,22204,19067,17093,15326,13929,12836,11745,11110,10804,9904,9414,8777,8454,8168,7848,7609,7251,6544,6628,6458,6442,5893,5814,5746,5617,5682,5421,5175,5022,5043,4982,5136,5168,4857,4973,4715,4755,4690,4787,4671,4950,4782,4835,4872,5276,5366,5527,6012,6286,7162,7823,10035,13335	382871649
37	2940,1297,827,699,550,483,398,341,341,303,245,219,213,249,191,193,196,196,164,156,158,122,125,123,119,108,111,104,138,114,116,103,107,96,83,85,89,99,107,82,134,94,89,110,93,65,115,88,98,105,104,99,130,99,114,153,136,171,242	6801646	161779,68392,47131,35868,29737,25717,22846,19434,17449,15689,14439,13321,12051,11265,10983,9782,9462,8981,8817,8188,7938,7775,7102,6661,6673,6715,6235,6219,6000,5888,5652,5582,5656,5311,4875,5003,4905,5001,5060,4726,4985,4902,4801,4710,4868,4699,5032,4889,5210,5285,5455,5589,5802,6120,6405,7046,8082,9969,13625	389460621
38	2909,1284,783,708,578,493,379,353,344,276,271,244,212,239,166,190,198,171,139,163,131,140,122,139,130,105,111,110,83,112,102,88,97,84,104,75,77,82,99,66,119,107,96,113,77,69,108,78,71,91,91,111,109,91,137,140,152,179,259	6814237	156096,67434,45986,35501,29289,25451,22265,18598,16659,15016,14152,12817,11678,10992,10248,9471,9031,8748,8193,8120,8021,7479,6969,6431,6284,6341,6072,5805,5754,5555,5616,5462,5465,5231,4948,4924,4711,4803,5066,4749,4873,4721,4567,4621,4681,4489,4998,4820,4985,4932,5117,5249,5649,5876,6507,7006,8019,10296,13398	380062098
39	2766,1211,817,663,564,455,398,337,308,320,252,252,209,233,170,181,205,173,148,155,138,147,123,147,133,113,103,103,113,128,95,91,127,87,105,86,102,82,97,72,111,114,77,94,82,62,104,85,104,86,91,94,125,105,101,148,166,161,249	6771211	157480,68325,46672,35264,29597,25673,22582,19286,16966,15105,13831,12752,11686,11045,10400,9779,9207,8656,8528,7955,8023,7501,6755,6752,6507,6399,6294,6035,5862,5510,5518,5438,5427,5144,5034,4957,4746,4912,5107,4717,4966,4818,4650,4582,4668,4379,4908,4793,4808,5097,5272,5441,5794,6296,6734,7157,8221,10159,13163	382505830
40	2867,1218,826,629,529,454,385,334,283,301,230,206,206,250,187,183,206,191,138,155,142,127,124,133,117,114,103,97,96,109,92,84,110,93,101,97,95,86,91,69,122,134,104,97,78,80,115,73,96,103,91,102,114,116,122,158,144,165,240	6759302	158021,68003,46376,34750,29360,25278,21965,19086,16693,15135,14106,13149,11814,11115,10524,10090,9271,8944,8471,8128,7838,7542,7067,6435,6612,6400,6157,5802,5904,5829,5607,5628,5416,5354,4936,4782,5026,4970,5065,4876,4830,4949,4766,4720,4833,4618,4951,5028,5017,5011,5226,5453,5646,5916,6572,7174,8169,10288,13176	384768722
41	2812,1241,796,726,538,485,380,346,328,332,268,229,199,246,196,202,201,161,138,177,123,138,118,146,124,94,127,113,104,101,114,107,114,85,106,72,94,97,102,78,102,106,97,84,58,72,101,90,99,94,92,102,115,102,100,147,163,192,249	6804354	161910,69508,48445,35596,30245,25343,22884,19471,17181,15369,14325,13400,12050,11134,10791,10052,9403,9095,8558,8279,8039,7650,6973,6780,6767,6518,6227,5971,6025,5691,5747,5609,5583,5347,5051,5206,4897,4976,5159,4801,4973,4891,4868,4920,4935,4490,4958,4896,5043,5039,5305,5563,5870,6009,6745,7269,8589,10372,13656	391367901
42	2780,1272,790,709,538,464,397,342,355,309,241,242,205,235,178,168,193,169,144,155,131,160,131,123,121,106,131,111,71,104,78,88,116,98,84,67,93,104,103,71,97,83,77,110,81,79,99,71,107,94,81,93,123,112,102,150,136,142,224	6700683	154729,67135,46358,34595,29012,24601,21770,18521,16304,15008,13821,12757,11787,10723,10402,9709,8881,8488,8327,7832,7964,7552,7122,6584,6408,6242,6027,5679,5663,5561,5574,5126,5260,5216,4970,4907,5004,4794,5032,4706,4829,4669,4636,4675,4842,4509,4843,4848,4875,4833,4998,5173,5621,6066,6461,7101,8073,9788,13039	376662519
43	2808,1275,806,715,518,476,402,352,342,334,273,216,245,239,184,198,193,167,136,137,118,119,118,119,129,120,105,100,111,103,80,63,122,107,108,86,76,107,111,66,108,101,98,93,79,72,111,84,83,93,92,100,121,104,111,171,162,179,254	6757911	159242,68723,47569,35608,29746,25615,22346,19394,17236,15759,14259,13161,12054,11144,10539,10046,9441,8927,8779,8032,7965,7595,7069,6810,6828,6624,6275,6223,5841,5748,5630,5600,5398,5213,5054,5159,4959,5121,5032,4775,5028,4961,4671,4822,4924,4627,4890,4819,5157,5158,5395,5513,5674,6267,6639,7416,8423,10246,13303	385597005
44	2819,1290,802,715,577,496,423,367,365,320,303,253,224,226,193,194,191,162,176,155,154,135,128,133,106,113,122,109,94,139,81,87,117,103,108,107,101,82,115,61,123,102,87,106,92,85,123,86,88,116,93,91,125,115,115,155,166,150,214	6853585	157055,67629,46961,34378,29853,25567,22121,19069,17431,15302,14082,12986,11950,11169,10541,9686,9148,8712,8429,7796,7817,7469,7050,6570,6546,6334,6181,5919,5732,5624,5423,5421,5560,5180,4954,4870,4917,4695,4903,4778,4923,4777,4717,4728,4884,4552,5068,4807,5186,5169,5440,5462,5604,6256,6806,7112,8218,10082,12858	382070814
45	2824,1276,831,744,571,534,416,337,348,307,278,230,195,224,224,240,217,179,171,159,147,122,114,126,116,131,119,113,102,125,94,96,114,92,104,85,109,88,89,68,112,101,87,114,63,60,126,78,117,112,82,105,124,105,100,144,171,163,245	6804951	157507,67896,47570,35514,29750,25381,22690,19281,16949,15474,14203,13099,11883,11275,10561,10135,9284,8871,8568,8215,7911,7394,6820,6558,6376,6164,6090,5874,5697,5686,5407,5465,5428,5069,5058,4845,4745,4864,5034,4886,4949,4852,4640,4722,4764,4642,5042,4786,5221,5258,5251,5343,5755,6289,6560,7188,8279,10133,13167	384071174
46	2874,1296,823,703,575,505,433,323,347,307,239,212,210,226,185,198,195,171,155,157,142,127,128,118,129,100,108,109,112,113,94,93,105,89,89,86,105,93,100,70,129,108,99,109,88,79,93,86,88,120,88,123,123,98,106,180,147,180,302	6806754	159086,68696,47125,35533,29647,25050,22246,18932,16745,15109,13924,13436,12044,11268,10725,10004,9347,8764,8422,8077,7889,7550,7139,6452,6598,6550,6232,6083,5785,5662,5589,5648,5424,5245,4968,4896,4895,4931,4988,4866,4865,4896,4851,4714,4712,4450,4849,4745,4840,4873,5124,5407,5793,6197,6843,7454,8247,10489,13236	386394554
47	2915,1252,840,703,540,496,376,330,332,292,243,230,218,197,173,177,197,176,137,171,150,129,109,134,141,100,133,102,111,114,106,114,103,98,107,79,104,80,87,69,135,96,83,101,84,79,106,74,104,106,105,122,116,118,115,157,148,190,240	6781136	157317,67365,46258,35057,29608,24521,21799,18541,16744,15264,14027,13127,12043,10896,10576,9652,9115,8791,8432,7837,7842,7315,6907,6637,6571,6357,6158,6077,5729,5646,5582,5577,5434,5089,4897,4860,4784,4804,4953,4671,4728,4762,4672,4766,4632,4611,4907,4678,5033,4762,5183,5437,5622,5933,6502,6990,8056,10077,13112	381693642
48	2874,1219,823,697,548,506,403,337,365,320,251,237,226,218,184,187,199,181,141,151,129,129,122,124,105,120,121,114,120,110,119,93,109,107,96,96,99,106,111,71,98,97,97,105,80,82,110,84,90,103,86,91,106,115,113,163,140,180,291	6830532	159666,69675,47797,36017,30261,25698,22861,19716,17596,15539,14340,13049,12113,11206,10720,10018,9570,9071,8663,8139,8034,7680,7255,6849,6797,6747,6402,6183,6271,5841,5754,5684,5617,5307,5128,5144,4929,5177,5064,4889,4931,5111,4907,4863,4957,4660,5019,4904,4992,5161,5427,5573,5539,6173,6771,7284,8506,10068,13275	389173531
49	2840,1253,812,680,532,500,414,330,317,322,248,222,223,234,204,165,193,142,151,165,137,128,110,133,121,112,98,111,102,111,109,106,102,96,98,83,89,93,84,62,115,73,78,88,83,71,104,73,86,125,89,93,113,113,120,165,153,184,254	6763025	157576,68126,47837,35764,29732,25260,22251,19367,17362,15485,13952,12823,11635,11072,10602,10064,9181,9023,8545,8102,8018,7622,7038,6523,6735,6347,6225,5948,5924,5684,5595,5479,5354,5151,5017,5053,4950,4990,5236,4760,4883,4962,4684,4876,4877,4666,4855,4863,4950,5135,5441,5458,5669,6013,6638,7320,8365,9912,12831	383881526
50	2841,1286,823,717,566,556,397,337,364,350,262,219,217,226,195,184,220,162,146,162,132,150,123,142,129,119,119,106,105,118,93,74,108,98,111,80,104,101,113,76,108,130,99,68,96,77,110,75,88,102,97,113,120,113,85,134,154,168,251	6748668	160150,68927,47279,35303,29262,25425,22433,19418,17104,15760,14590,13207,11762,11382,10798,10094,9535,8870,8844,8269,8109,7788,7270,6777,6566,6480,6358,6073,5788,5778,5590,5611,5308,5209,4858,5054,4816,5090,5283,4954,4872,4903,4763,4822,4856,4654,4861,4855,5163,5126,5141,5366,5639,5916,6472,7298,8208,10163,13479	386736337
51	2788,1229,835,663,546,481,391,358,316,303,236,220,217,224,183,209,192,159,149,161,150,136,131,142,134,111,109,112,102,113,94,93,115,78,84,92,95,101,91,67,106,94,83,115,68,78,98,78,89,93,106,95,122,105,102,159,144,189,252	6742393	160686,69051,47014,35032,29797,25558,22766,18957,17024,15329,14252,13238,11668,11139,10633,9631,9147,8600,8354,7891,7780,7562,6961,6541,6593,6448,6042,6057,5666,5657,5451,5553,5350,5187,4953,5076,4973,4918,5091,4803,4906,4774,4923,4598,4788,4591,4921,4933,5158,5284,5379,5412,5808,6040,6623,7158,8323,10565,13696	385965042
52	2824,1280,858,679,546,474,441,371,329,333,237,230,252,244,194,189,203,173,121,176,148,134,104,121,117,121,107,118,101,109,91,63,108,89,121,71,115,114,95,72,118,114,99,107,86,91,123,99,95,111,83,102,131,113,90,180,167,177,259	6849689	161415,69272,47680,36311,30431,25670,22842,19312,17488,15823,14791,13561,12253,11485,11010,10077,9325,8914,8688,8287,8214,7578,7180,6798,6678,6566,6377,6094,5967,5869,5848,5617,5411,5385,5118,5158,4988,5248,5073,4883,4909,5018,4768,4875,4912,4756,5138,4943,5115,5317,5370,5388,5807,6173,6584,7227,8492,10223,13207	392396038
53	2842,1218,851,644,559,523,393,345,330,287,282,239,254,241,195,219,190,190,160,152,148,144,126,133,123,123,109,117,95,98,103,105,107,94,91,83,106,103,122,79,101,102,89,106,89,85,109,87,84,91,104,109,124,100,109,170,160,172,227	6857506	160624,67786,47494,36035,30537,25522,22208,19078,16920,15530,14456,13264,11982,11025,10791,9837,9095,8687,8515,8168,8105,7459,7350,6794,6738,6491,6087,5927,5868,5433,5594,5447,5187,5127,5130,5158,5049,5061,5161,4878,5071,4885,4697,4642,4913,4685,5081,5096,5122,5079,5213,5403,5708,6262,6804,7507,8228,10357,13658	387878914
54	2833,1298,822,757,531,488,409,303,333,290,258,242,225,236,195,191,175,160,130,133,122,144,104,124,136,124,110,99,112,105,103,94,105,99,98,81,85,105,116,76,91,92,100,105,81,68,108,84,76,116,102,122,118,120,96,146,156,181,254	6780778	158710,67708,46815,35599,29567,25411,22614,19039,16910,15382,14248,13376,12119,11346,10929,9991,9270,9040,8588,8023,7889,7697,7164,6714,6657,6492,6201,6109,5936,5884,5624,5510,5468,5164,4998,5077,4981,4937,5075,4801,4834,4836,4774,4768,4944,4626,4813,4766,5012,4917,5309,5353,5972,6304,6477,7257,8043,9927,13297	387689380
55	2839,1234,774,671,544,471,397,302,332,286,250,245,220,216,187,187,200,199,148,191,147,115,128,122,121,108,129,122,127,120,99,96,110,110,97,92,107,90,93,83,105,98,77,95,75,86,111,71,88,89,82,95,117,119,92,153,165,150,262	6770473	160516,68136,47170,35943,30146,25847,22340,19350,16848,15587,14298,13182,11969,11324,10726,9857,9268,8940,8660,8059,7873,7398,7090,6616,6586,6487,6262,6304,5878,5719,5731,5610,5510,5364,5026,4921,4748,4990,5082,4932,4940,4895,4794,4807,4773,4422,4790,4925,5148,5181,5404,5410,5568,6187,6746,7472,8396,10183,13373	388356066
56	2794,1265,860,647,544,474,391,343,334,316,242,200,197,260,190,209,193,195,175,162,152,134,124,131,134,103,115,111,113,126,115,84,117,81,108,103,102,97,92,70,128,106,88,84,75,93,96,75,96,94,94,100,135,111,94,145,139,175,283	6778126	157826,67318,46696,35113,29209,24865,22381,19288,16984,15432,14161,12912,11765,10981,10415,10019,9281,8877,8567,8288,7991,7706,7367,6641,6668,6382,5939,5933,5893,5679,5526,5425,5427,5200,4989,5018,5093,4937,5195,4566,4773,4797,4862,4729,4890,4492,4860,4924,4976,4910,5278,5324,5678,6131,6382,7174,8118,10032,12935	383145890
57	2738,1220,776,711,546,527,428,315,374,320,233,255,200,257,176,234,219,161,136,151,140,122,115,131,123,99,110,112,98,123,114,83,99,97,125,82,86,99,107,67,112,90,96,91,100,79,97,77,77,101,96,105,130,97,105,156,154,191,266	6825645	160403,68653,47060,35708,29762,24929,22251,18707,16620,14944,13772,12948,11557,10836,10668,10011,9385,8766,8433,7977,7949,7704,7232,6748,6559,6431,6214,5983,5708,5789,5502,5551,5332,5140,4897,4898,4828,5025,5139,4650,4758,4889,4811,4737,4614,4534,4876,4772,5054,5021,5308,5428,5501,6108,6682,7354,8091,10356,13738	385070473
58	2769,1287,851,692,528,470,396,356,353,278,263,227,257,197,197,198,194,174,144,159,158,119,90,130,127,118,122,111,101,120,103,92,118,111,104,80,90,86,100,71,106,86,83,93,78,74,100,90,101,99,96,92,109,110,108,149,148,165,253	6718245	158317,69078,46058,35018,29611,25263,22522,18894,16612,15280,14139,12973,11755,10860,10444,9830,9277,9101,8555,8049,7889,7398,6919,6650,6612,6326,6195,5912,5798,5823,5620,5422,5521,5073,4923,4864,4746,4883,4881,4702,4894,4887,4693,4654,4817,4484,4838,4727,4974,5128,5276,5533,5781,6022,6540,7198,8100,10234,13567	384706678
59	2938,1294,830,693,549,455,385,335,342,300,259,226,235,228,218,208,189,180,142,151,127,139,122,131,125,117,109,111,103,123,86,69,123,76,99,81,100,93,106,81,103,111,105,102,101,93,118,90,112,109,93,100,106,107,115,155,169,184,244	6814153	161047,69528,48316,36584,30474,25739,22886,20006,17520,15594,14361,13231,12020,11546,10863,10217,9353,9017,8517,7957,8047,7596,6999,6550,6714,6549,6259,6140,5905,5911,5595,5779,5556,5386,5106,5080,4887,5016,5327,4973,5067,4897,4837,4991,4929,4618,4926,4872,5126,5148,5449,5564,5691,6217,6878,7578,8387,10439,13252	390451980
60	2933,1261,856,705,538,479,427,328,322,278,240,212,221,227,196,205,179,178,140,158,147,137,105,141,121,106,117,109,108,125,89,81,94,105,88,89,90,102,99,74,127,103,93,102,66,89,125,70,91,110,101,108,108,116,103,151,187,194,241	6743255	156997,68068,47064,35372,30034,25159,22103,18955,16858,15419,14179,13194,12184,11247,10554,10057,9094,8764,8573,8147,8028,7527,6933,6428,6463,6382,6099,5790,5820,5620,5404,5377,5339,5222,5045,4884,4763,4831,5095,4847,4925,4815,4789,4639,4739,4644,4989,4826,4954,5205,5356,5392,5784,6004,6952,7467,8218,10078,13227	381354624
61	2817,1230,817,674,505,513,394,376,343,284,258,212,211,231,184,193,186,154,118,134,146,123,114,124,117,103,108,107,103,130,109,87,99,100,97,57,87,75,101,79,125,107,88,107,73,74,105,91,81,112,88,109,129,124,100,133,158,150,260	6764483	159749,69051,47800,35931,29896,25490,22602,19188,17051,15859,14503,13094,11840,11088,10894,9871,9251,8903,8315,7916,8003,7303,7109,6636,6616,6477,6189,5990,5837,5604,5505,5524,5461,5023,5193,4948,4961,4921,5126,4716,4968,4761,4722,4822,4810,4547,5134,4984,5172,5171,5320,5623,5742,6099,6777,7436,8725,10083,13357	387415273
62	2763,1244,849,734,584,461,369,349,364,330,245,205,203,228,189,204,185,153,119,152,147,129,117,127,137,94,111,108,93,144,106,114,107,84,102,96,72,78,101,66,95,115,97,102,65,92,103,76,112,113,76,121,98,107,102,169,164,163,217	6793469	159387,67522,47568,35656,29878,24996,22527,19084,17177,15706,14239,13298,12053,11133,10979,10066,9419,8839,8631,8019,8057,7811,7378,6770,6605,6357,6398,6006,5823,5591,5669,5600,5415,5500,5011,5075,5032,4930,5090,4746,4689,4755,4670,4794,4903,4669,5027,4842,5060,5276,5253,5358,5509,6024,6453,7361,8326,10220,13378	387472507
63	2899,1287,809,655,573,477,414,336,351,327,283,221,233,220,177,204,189,184,140,155,150,151,88,119,114,127,138,88,99,82,106,107,121,99,104,73,100,102,114,79,122,103,78,94,74,80,105,76,93,92,67,93,122,100,104,135,168,209,243	6834921	158844,68177,47379,35735,29995,25393,22580,18864,16765,15363,14007,13066,11994,11196,10625,9978,9530,8823,8489,7804,7840,7365,7060,6578,6782,6455,6262,5772,5678,5801,5429,5584,5345,5118,4974,4948,4940,4885,5074,4790,4968,4841,4816,4725,4659,4465,4909,4904,4972,4974,5239,5485,5684,6156,6715,7141,8201,9873,13389	385693001
64	2931,1235,802,685,537,556,402,374,353,326,253,229,213,232,190,196,208,177,144,151,136,141,117,120,124,115,121,105,98,112,97,83,118,80,121,66,112,96,84,69,121,98,85,96,82,80,112,92,90,102,107,113,113,100,113,135,167,168,241	6721222	156836,66909,46534,34816,29434,25473,22677,19131,16803,15183,13589,12745,11872,11100,10476,9637,9097,8753,8423,7919,7767,7505,7003,6479,6522,6418,6268,6226,5774,5784,5533,5542,5381,5206,4899,4931,4843,4805,4922,4628,4758,4747,4575,4532,4739,4568,4940,4800,5003,4933,5177,5345,5695,5870,6645,7240,8022,9928,13067	378988440
65	2885,1247,831,649,519,480,421,381,328,315,247,229,197,226,179,183,186,155,154,142,147,142,110,122,118,98,107,122,94,111,93,85,114,79,116,87,108,102,98,69,118,111,104,104,90,82,113,85,105,97,91,112,100,92,104,146,140,163,256	6739017	159734,68354,46699,35156,29674,25650,22387,19496,17299,15296,14231,13175,12046,11264,10853,10142,9422,8918,8427,8100,7774,7644,7030,6705,6591,6555,6198,5947,5720,5763,5636,5637,5336,5228,5094,5144,5061,5058,4974,4736,4809,4901,4912,4799,4917,4806,4991,4982,5284,5149,5253,5555,5845,6080,6841,7433,8253,10210,13147	388617984
66	2802,1258,798,694,528,492,352,341,358,266,256,227,226,242,208,183,184,177,151,133,129,136,103,145,129,126,113,110,97,115,93,87,103,107,114,91,87,121,100,70,120,110,103,98,73,82,135,74,80,97,87,82,118,100,109,158,151,184,224	6701064	157704,68073,46720,35336,29252,24671,22046,18676,16641,15041,13973,12841,11723,11146,10611,9916,9134,8674,8546,7937,7674,7403,6877,6563,6574,6233,6157,5896,5564,5511,5356,5420,5399,5256,4956,4920,4880,4903,4886,4812,4873,4814,4750,4722,4649,4500,4655,4824,4946,5073,5150,5309,5558,5742,6531,7293,8168,10306,13042	381101289
67	2812,1314,795,667,536,507,405,322,324,282,241,214,256,221,213,222,202,159,149,150,155,129,105,140,123,102,110,115,90,114,106,84,104,81,129,70,87,109,103,75,103,115,85,105,81,75,109,82,113,100,100,93,133,96,86,136,150,174,246	6735354	160004,67290,47811,35506,29575,25512,22182,19214,17212,15522,14124,13027,11918,11261,10901,10020,9323,8907,8492,8168,7961,7639,7356,6797,6762,6546,6180,5769,5710,5651,5501,5649,5600,5340,5080,5227,5016,5152,5071,4900,4838,4798,4794,4686,4906,4562,4865,4901,4997,5105,5228,5476,5520,5909,6398,7187,8393,10065,13879	388921421
68	2777,1255,802,655,565,483,419,374,316,315,252,223,211,219,181,203,185,173,127,131,157,144,98,131,123,108,113,126,93,121,92,96,97,89,107,92,98,99,84,84,123,101,102,107,88,77,114,68,93,110,78,116,120,107,112,134,146,197,257	6738093	159293,68468,47131,34722,29680,25193,22739,18892,16909,15656,14334,13348,11896,11375,10809,10153,9138,8908,8508,8101,7903,7445,7202,6519,6594,6324,6232,6047,5928,5827,5686,5679,5577,5193,4916,4963,4848,4953,5104,4808,4984,5064,4754,4813,4858,4692,4806,4888,5121,5210,5420,5249,5658,6055,6705,7088,8107,10237,13719	386255257
69	2836,1286,873,687,551,484,399,334,318,280,236,209,241,243,180,182,174,192,144,188,131,121,118,128,126,110,139,110,95,113,93,91,109,78,98,85,96,96,112,94,104,106,92,119,82,76,107,69,109,127,80,93,115,115,99,130,147,198,250	6780304	158072,68194,47267,35111,29324,25340,22372,19215,16753,15439,13963,13020,11841,11197,10722,9851,9073,8748,8445,8260,7852,7479,7033,6404,6537,6371,6053,5787,5703,5490,5527,5470,5425,5117,5045,4925,4947,4956,5067,4872,5001,4699,4663,4630,4785,4598,4839,4836,5001,5021,5281,5425,5829,6061,6334,7096,8337,10336,13256	381997827
70	2813,1278,844,712,546,474,415,369,354,313,264,232,252,244,201,194,188,157,161,156,156,119,114,141,124,117,102,119,129,134,95,97,121,91,88,80,91,110,131,90,129,111,108,121,91,75,118,85,112,122,78,111,122,118,92,144,156,209,273	6861078	159760,68871,47089,36033,30477,25543,22533,19352,17248,15895,14518,13264,11986,11429,10979,10020,9488,9128,8628,8109,8212,7566,7276,6594,6812,6558,6387,6029,5771,5755,5649,5678,5483,5269,5094,5060,4957,4973,5246,4886,5028,4885,4700,4773,4790,4900,4986,4927,4906,5177,5240,5468,5780,6112,6744,6893,8144,10558,13463	389765836
71	2957,1293,818,695,577,481,375,314,340,314,265,213,231,261,173,199,190,184,145,159,154,160,129,139,129,111,131,116,83,113,84,94,83,95,119,91,102,117,108,69,122,121,99,90,80,65,121,91,106,117,97,98,116,127,102,142,131,189,237	6848470	161072,68161,47522,35617,29876,25039,22395,18640,16919,15298,14457,13140,12183,11261,10723,10032,9431,9080,8664,8156,8051,7804,7299,6751,6461,6585,6415,6146,5928,5687,5555,5597,5457,5268,5099,5169,5025,5008,5064,4939,5069,4831,4819,4844,4901,4532,5057,4872,5118,4947,5278,5408,5686,6204,6807,7257,8258,9698,13394	388519304
72	2926,1291,810,745,518,488,376,346,357,295,231,239,236,234,202,187,198,180,139,155,146,142,113,126,146,130,113,97,104,112,104,99,114,78,116,103,86,118,116,84,113,118,108,108,96,82,131,78,100,108,93,109,118,112,120,153,155,188,236	6815309	159112,68102,46511,35769,29877,25071,22566,18869,16271,15092,13998,13144,11819,11187,10572,9962,9281,8775,8528,8183,7979,7591,7176,6784,6554,6388,6126,5980,5805,5693,5683,5655,5438,5273,5068,4904,4928,4841,5135,4763,5118,4859,4702,4767,4968,4387,4811,4837,5110,4889,5099,5278,5767,6080,6625,7468,8235,10274,13260	385321800
73	2880,1277,857,734,569,486,444,344,323,315,272,257,233,238,194,186,202,165,155,144,149,143,119,114,113,107,109,116,102,127,88,85,114,91,116,103,87,109,113,67,117,85,83,103,93,80,93,83,92,105,101,102,129,113,110,140,159,199,243	6741270	156846,67611,46862,35175,29803,25367,22318,18915,16449,15187,14263,12996,11805,11293,10778,9992,9404,8940,8346,7941,7806,7396,6971,6454,6475,6380,6074,5868,5748,5637,5391,5261,5295,5215,4815,5036,4922,4823,5093,4676,4862,4752,4797,4829,4938,4679,4835,4992,5107,4940,5271,5312,5737,6052,6573,7348,8242,10098,13043	380228482
74	2875,1220,823,677,558,510,422,348,329,319,249,217,245,254,173,205,185,174,147,171,158,135,119,112,115,121,116,119,107,116,88,83,109,96,108,79,97,106,109,67,118,106,98,80,81,68,117,101,83,118,110,102,109,105,112,130,139,169,246	6871896	162305,69456,48511,36293,30852,26000,23083,19914,17356,15783,14493,13299,12176,11290,10938,10107,9522,8951,8592,8022,7985,7729,7229,6798,6738,6638,6251,6057,5797,5743,5715,5657,5528,5255,5063,5127,4906,5065,5117,4857,4912,4899,4870,4772,4883,4751,4992,4891,5275,5117,5340,5607,5618,6097,6851,7459,8472,10287,13383	395969068
75	2843,1259,848,702,574,536,432,373,344,276,254,206,261,238,185,164,206,180,149,137,138,137,115,125,148,122,114,120,112,135,102,94,118,92,112,83,106,101,83,56,114,85,90,100,85,61,110,85,94,108,83,108,145,116,97,134,139,192,235	6839544	158693,68751,47756,36081,29738,25187,22338,19093,17057,15436,13994,12827,11847,11056,10921,10054,9203,8815,8305,7985,7861,7475,7219,6491,6834,6440,6086,5947,5850,5674,5728,5570,5403,5309,4970,4945,4907,4884,4959,4708,4772,4790,4845,4770,4811,4639,4821,4845,4986,5122,5338,5511,5750,6057,6590,7309,8393,10330,13438	384960694
76	2921,1294,836,686,594,467,405,372,370,336,243,219,228,211,186,181,186,168,137,149,139,147,126,143,141,107,115,113,140,125,97,89,129,82,98,79,100,90,73,78,115,121,87,92,87,67,108,89,99,111,105,96,127,95,126,151,167,187,247	6796288	159288,67960,47600,35846,30057,25465,22624,19285,16998,15537,14373,13327,11933,10964,10867,9979,9182,8846,8726,8112,8005,7461,7057,6681,6614,6371,6207,6073,5740,5678,5591,5599,5587,5259,5121,5116,4747,4923,5050,4780,4782,4811,4798,4867,4993,4547,4931,4774,5092,5047,5159,5556,5755,5900,6860,7170,8160,9769,12853	385951827
77	2852,1226,833,684,549,485,393,336,324,290,255,213,226,241,180,158,201,179,146,169,135,135,113,139,125,109,111,130,103,109,99,92,105,113,115,79,80,105,90,74,128,107,100,108,99,71,123,99,81,121,94,89,136,103,96,138,156,193,260	6843506	160349,68686,47673,35232,30028,25114,22483,19396,17359,15512,14702,13185,11850,11173,10339,9938,9274,8839,8591,8266,7988,7571,7091,6492,6645,6507,6250,5778,5806,5554,5655,5436,5403,5343,5030,4992,5021,5021,5177,4896,5033,4932,4730,4917,4865,4586,5023,4962,5015,5008,5269,5568,5515,6063,6613,7264,8492,10128,13699	387379898
78	2789,1224,869,717,586,477,405,357,353,329,280,206,253,239,187,165,209,179,166,130,123,153,122,136,129,121,127,113,104,121,98,97,112,90,118,104,88,84,100,59,105,117,80,107,87,87,110,85,96,97,96,102,108,102,103,143,157,166,253	6813456	159329,67672,47336,35305,30155,25258,22680,19090,16931,15467,14175,13148,11760,11077,10986,10059,9339,8663,8631,8061,7894,7424,7097,6628,6660,6579,6074,6062,5817,5990,5609,5599,5479,5248,5102,4803,4914,4958,5105,4806,4993,4935,4684,4758,4906,4633,4932,4945,4940,5005,5129,5367,5621,6199,6876,7217,8238,9973,12859	386767986
79	2900,1210,871,681,583,469,421,344,327,309,246,228,236,260,198,186,195,163,162,145,126,142,124,132,119,99,94,127,92,112,99,95,88,104,87,74,104,91,111,78,121,97,87,98,80,64,110,73,100,116,88,78,126,116,98,171,138,191,235	6736722	160861,68327,47082,35949,30043,25355,22326,19238,17183,15392,14443,13308,12136,11259,10694,10006,9167,9142,8744,8178,8030,7628,7088,6685,6550,6508,6270,5937,5762,5607,5560,5551,5352,5229,4997,5127,4918,5060,5200,4971,5199,4939,4876,4945,4876,4680,4948,5051,5287,5075,5311,5311,5726,6136,6721,7279,7934,9987,13692	387569755
80	2843,1250,874,712,534,516,396,341,358,327,244,223,214,224,199,213,191,180,141,150,140,130,121,130,125,77,112,115,102,107,90,98,105,84,108,73,110,104,107,86,109,98,90,92,87,83,118,100,108,107,87,125,112,109,106,158,167,167,216	6832973	163692,70971,47900,37275,30328,25719,23115,19863,17361,15857,14497,13339,12070,11167,11102,10376,9557,9014,8583,8186,8132,7733,7334,6694,6678,6433,6125,5892,5737,5751,5730,5628,5383,5307,5076,5230,4873,5008,5107,4905,4904,5054,4808,4967,4961,4703,5018,5008,5156,5225,5290,5620,5754,6159,6825,7763,8468,10466,13987	397465545
81	2788,1218,796,646,594,505,377,361,364,307,238,217,230,239,187,245,212,171,145,146,121,137,130,126,143,111,128,94,114,116,100,95,117,79,99,77,109,100,104,69,105,94,101,117,81,83,108,79,85,124,89,117,116,122,103,173,151,177,254	6859104	161361,69028,47505,35761,30316,25718,23083,19994,17378,15366,14208,13207,11778,11271,10664,10104,9406,9036,8658,8079,7906,7559,7119,6840,6491,6516,6231,5813,5741,5746,5554,5499,5507,5381,5114,5157,5036,4857,5187,4845,5071,4985,4820,5049,4859,4641,4936,4980,5058,4979,5530,5626,5853,6114,6620,7308,8507,10145,13617	389008311
82	2805,1206,871,677,542,463,389,351,353,308,224,255,232,219,206,189,185,160,152,167,141,152,106,135,106,93,109,92,98,116,85,94,123,100,84,68,83,125,95,60,142,93,106,103,86,81,112,77,96,111,95,86,121,104,106,168,140,181,246	6692205	156652,67483,46380,35517,29554,25049,22063,18265,16482,15210,14181,13155,11822,11068,10585,9989,9344,8681,8149,7865,7767,7858,6947,6624,6508,6146,6021,5949,5797,5690,5474,5442,5261,5096,4711,4956,4909,5046,5140,4683,4746,4716,4701,4644,4671,4517,4935,4953,5028,4998,5162,5381,5756,6071,6365,7084,8089,10015,13173	380685952
83	2838,1294,787,718,530,497,380,370,361,296,239,233,198,230,199,181,186,179,148,154,148,134,98,113,132,113,111,123,121,105,112,93,102,101,90,103,107,101,99,70,100,82,90,77,80,79,106,79,94,93,99,113,137,109,115,164,160,194,247	6699732	159939,68304,47559,35480,29633,24960,22252,18928,16784,15621,13891,13097,12033,11328,10779,10014,9237,8945,8503,8156,8097,7359,7027,6563,6711,6457,6308,6168,5812,5786,5668,5488,5483,5087,5101,4864,4937,4948,5127,4768,5028,4913,4798,4835,4902,4640,4962,5013,5117,5076,5347,5380,5605,6226,6537,7013,8029,10227,13566	387608101
84	2793,1245,839,685,548,489,365,339,348,302,245,184,220,233,180,176,147,175,147,139,133,130,106,144,127,124,101,125,108,107,108,86,116,92,104,80,117,95,89,81,124,109,113,110,82,88,110,62,90,94,93,99,120,88,113,152,156,172,261	6690810	158436,68096,46719,35207,29944,25579,23023,18959,16880,15178,14103,12941,11904,11366,10614,9855,9430,8951,8384,8282,7878,7318,7222,6385,6515,6402,6103,5915,5608,5542,5303,5443,5409,5227,4945,4856,5070,5010,4972,4744,5035,4935,4876,4865,4967,4749,4958,4762,4880,5066,5242,5467,5551,6164,6559,7336,8283,9758,13434	382884730
85	2863,1297,816,720,578,527,404,334,325,281,254,241,222,222,184,219,184,187,155,172,151,136,116,139,123,108,135,128,104,125,86,92,115,93,113,77,92,91,96,75,128,107,77,81,99,90,103,95,93,117,95,120,119,110,119,133,169,168,216	6820940	158644,68158,47198,34884,30458,25552,22785,19195,16879,15545,14370,13291,11821,11063,10714,9837,9344,8702,8770,8250,7744,7635,7220,6773,6582,6744,6499,6193,5837,5735,5627,5639,5527,5380,4995,5015,4800,4948,5054,4806,4951,4834,4762,4716,4828,4536,4791,4682,5134,5094,5298,5539,5663,5987,6941,7374,8301,10165,13254	385414574
86	2880,1180,849,712,590,519,389,340,344,286,244,212,232,255,208,210,209,157,147,141,147,139,114,143,140,113,100,89,99,102,96,84,114,91,100,63,99,111,102,72,117,105,107,113,82,90,118,93,87,99,72,88,122,110,109,162,173,164,239	6854196	161686,68774,48122,36121,30373,25410,22996,19564,17191,15325,14573,13300,11983,11375,10916,10268,9435,9080,8588,8220,8253,7675,7339,6755,6607,6491,6396,6015,6032,5731,5889,5663,5588,5224,5061,5199,5152,5119,5289,4931,4901,4877,4956,4852,4890,4589,4937,4946,5121,5071,5343,5293,5682,5955,6473,7230,8521,10016,13334	391198322
87	2835,1251,859,698,552,487,390,346,337,289,250,226,228,208,195,201,157,182,131,132,141,142,124,137,136,107,112,126,110,116,103,66,107,104,86,76,88,98,85,81,106,109,85,104,77,71,105,97,90,130,81,119,122,97,111,156,159,182,236	6783587	160297,68096,47799,35513,30101,25499,22631,18941,16765,15258,14394,13041,11932,11230,10760,10006,9400,8759,8459,8022,8157,7422,7081,6718,6678,6398,6274,5981,5656,5724,5485,5455,5270,5101,4907,5000,4793,5068,4985,4774,4951,4875,4811,4814,4872,4418,4872,4932,5040,5017,5283,5446,5582,6193,6801,7213,8318,10052,13213	386420637
88	2868,1291,848,686,576,508,386,361,337,286,271,231,236,228,208,227,163,138,154,153,148,138,123,139,120,110,127,117,129,109,106,101,118,97,99,96,97,99,99,64,108,110,90,112,88,67,97,100,86,91,110,87,119,96,112,168,140,185,236	6830323	158077,67936,47412,35296,29501,24861,22056,18789,16770,15274,14192,13171,12170,11016,10805,10139,9137,8736,8600,8182,8057,7595,7190,6568,6532,6355,6155,5968,5731,5689,5579,5563,5502,5345,5041,5014,4769,4949,5128,4732,4780,4989,4736,4897,4927,4617,4979,4943,5128,4950,5287,5360,5650,6031,6523,7332,8149,9965,13330	382992022
89	2932,1316,818,707,545,482,440,346,360,314,265,240,222,245,196,177,186,180,155,157,143,139,121,149,127,110,117,117,93,111,111,91,104,90,106,91,100,119,92,79,120,79,80,86,83,85,120,87,104,111,82,114,124,106,89,133,157,158,254	6809182	160532,68926,47928,35968,30598,25737,22768,19405,17196,15636,14454,13262,11990,11135,10630,9953,9494,8998,8759,8386,8124,7676,7389,6615,6766,6535,6176,5927,5968,5831,5814,5801,5322,5227,5023,5068,4972,5082,5235,4825,5085,5099,4963,4784,4888,4805,4912,4872,5118,5202,5315,5588,5756,6042,6592,7531,8249,10133,13504	390334816
90	2821,1245,820,689,565,485,443,319,335,292,235,227,244,224,188,172,178,183,153,142,136,131,127,115,120,117,102,120,90,116,105,97,93,70,117,92,104,108,97,72,125,100,90,100,101,72,123,75,75,95,110,105,117,112,101,140,161,170,231	6747311	157017,68232,47738,36049,30242,25176,22050,18845,17012,15637,13997,12781,11658,11227,10704,9919,9059,8888,8512,7999,8028,7459,7087,6682,6696,6419,6072,6257,5920,5870,5517,5690,5449,5240,5035,4933,4829,4973,4904,4699,5090,4934,4858,4568,4662,4605,4853,4838,4912,4909,5213,5329,5525,6004,6739,7477,8255,9811,13109	382539860
91	2821,1220,849,753,540,481,428,343,349,291,268,231,231,218,171,188,207,174,185,142,143,127,125,105,113,103,122,86,118,121,88,90,108,93,114,92,96,84,107,66,122,114,98,114,102,77,111,76,93,106,88,88,113,111,98,167,141,189,237	6691489	158417,68056,47700,35806,30665,25499,22684,19143,16775,15401,14460,12958,11943,11104,10791,9995,9432,8809,8544,8100,7947,7412,7033,6551,6608,6564,6074,6038,5776,5577,5682,5598,5547,5281,4986,5057,4984,5037,5071,4792,4707,4796,4748,5015,4985,4654,4991,4935,5000,4964,5144,5382,5824,6190,6802,7415,8408,9954,12952	387360920
92	2877,1267,765,720,545,515,399,324,324,337,263,235,230,200,201,180,202,163,124,138,155,130,108,145,133,114,96,105,109,109,90,87,110,99,102,81,87,94,85,69,120,119,109,103,77,73,137,79,77,116,95,104,141,114,135,156,140,184,231	6817992	160135,68558,47039,36373,30364,26000,22588,19300,16808,15449,14234,13244,11967,11281,10869,9919,9531,9115,8506,8261,7961,7635,7274,6690,6649,6536,6213,6076,5730,5720,5678,5534,5443,5270,5242,5094,4988,5045,5155,4954,5058,4963,4665,4789,4895,4686,5054,5013,5013,5108,5245,5657,5840,6378,6822,7475,8262,10101,13295	386585722
93	2854,1252,854,646,499,549,406,360,321,339,246,235,218,219,188,217,204,190,147,144,156,125,117,136,129,125,122,123,122,104,102,100,104,85,106,111,111,119,134,66,104,112,95,114,74,85,103,57,89,106,103,101,127,118,119,142,185,199,265	6779881	161745,69758,47762,35872,30467,25551,22775,19300,16925,15374,14099,12991,11753,11279,10630,10001,9305,8915,8604,8088,7883,7626,7179,6738,6656,6282,6172,5926,5802,5756,5595,5630,5459,5361,5163,5149,4963,4959,5144,4907,5209,4938,4723,4832,4761,4727,5060,4782,5060,5103,5259,5479,6150,6300,6896,7199,8403,10412,13869	388753196
94	2858,1180,832,689,558,501,398,382,317,332,268,236,226,240,199,201,202,179,145,152,131,135,99,121,130,102,122,110,104,103,104,92,140,83,101,69,89,108,99,74,120,116,81,97,73,78,110,74,111,100,81,96,116,119,123,148,160,160,245	6856477	161064,69499,47536,36193,30693,25791,22831,19050,17168,15587,14187,13180,12196,11514,10825,10083,9441,8810,8595,8386,7793,7483,7190,6574,6620,6663,6230,5848,5644,5712,5528,5521,5418,5283,4820,5036,4897,4895,5074,4824,4869,4907,4886,4833,5063,4827,5180,4994,5230,5177,5522,5429,5770,6209,6836,7514,8304,10253,13569	392926065
95	2839,1279,816,726,560,498,430,379,337,312,262,233,234,234,202,169,196,173,156,157,135,125,109,128,111,101,132,113,104,114,91,86,109,106,100,101,96,101,90,99,127,119,87,106,99,66,121,96,102,107,104,131,131,114,84,163,144,206,231	6887182	162511,69617,48593,36263,30830,25897,23372,19786,17448,15857,14473,13260,12145,11532,11242,10190,9671,9054,9050,8394,8240,7628,7306,6775,6762,6708,6445,6251,5975,5838,5549,5625,5827,5292,5237,5184,5004,5158,5289,4929,5038,4940,4946,4970,5009,4706,5088,5005,5134,5372,5415,5724,5847,6221,6801,7505,8401,10569,13341	393509855
96	2856,1293,893,691,546,482,381,341,353,284,274,229,236,256,189,204,214,158,141,164,153,142,114,124,139,106,111,99,98,121,87,94,131,98,91,70,92,119,104,82,113,91,104,121,74,96,122,90,103,117,102,129,126,116,101,149,143,178,242	6802038	160429,68736,47358,36858,30393,25554,22219,18985,16878,15471,14221,13281,12125,11635,10720,9973,9396,8857,8524,8316,8029,7538,7299,6797,6781,6551,6316,5964,5858,5860,5610,5430,5383,5234,5060,5205,4993,4911,5120,4817,5129,4874,4692,4798,4793,4651,4945,4750,5005,4963,5240,5339,5533,5948,6645,7508,8490,10278,13372	388271108
97	2781,1268,834,670,588,529,407,342,340,295,231,243,254,238,187,200,202,172,143,153,139,113,112,105,129,99,118,117,120,112,116,85,114,84,99,90,99,106,109,86,117,108,79,110,71,81,122,69,84,111,93,102,127,107,109,161,131,174,256	6830766	157796,66607,46216,35162,29078,25340,22301,18896,16820,15432,14313,13251,11791,10986,10650,9726,9340,8911,8435,7753,7726,7557,6978,6699,6553,6589,6467,6165,5935,5675,5595,5565,5578,5238,4998,4980,4836,4994,5048,4671,4894,4796,4694,4626,4804,4639,4934,4785,5034,5128,5265,5333,5703,6132,6286,7103,8097,9923,13078	380341380
98	2845,1251,823,697,548,544,386,363,355,310,268,217,218,222,223,178,211,171,143,144,131,129,111,121,126,109,108,112,118,113,102,74,89,95,107,90,100,102,81,71,130,88,97,93,78,66,119,73,92,114,96,117,115,96,110,138,146,185,273	6781629	160401,69330,48189,36682,30188,25493,22944,19632,17166,15936,14710,13195,12011,11233,10988,10152,9632,9038,8632,8111,8055,7607,7143,6815,6719,6688,6448,6107,5893,5827,5869,5827,5625,5205,5098,4973,4743,5095,5041,4970,4975,5045,4894,4890,4875,4767,5233,5099,5055,5215,5356,5643,5809,5994,6775,7471,8429,10298,13233	391719436
99	2922,1335,893,691,523,482,366,346,323,315,271,221,237,227,190,194,192,172,140,148,142,141,129,131,133,120,118,103,121,104,93,84,105,88,112,63,101,105,93,82,101,94,94,106,83,78,119,95,91,109,105,117,128,103,119,146,166,172,284	6846897	158177,68143,47927,35398,29311,24486,21768,18686,16422,15146,13629,12834,11766,11088,10583,9902,9222,8715,8263,8096,7866,7487,6930,6567,6536,6371,6072,5925,5837,5827,5493,5623,5465,5131,4952,5016,4942,4844,4990,4774,4788,4811,4691,4639,4869,4581,4786,4695,4955,4906,5159,5477,5614,5871,6481,7496,8946,10412,13495	381793971
100	2773,1327,799,665,545,488,434,339,334,338,266,246,248,235,210,203,187,194,140,159,139,133,110,128,117,117,117,124,97,98,99,90,117,78,97,68,80,109,102,71,110,87,94,99,90,77,128,83,84,98,103,101,123,116,110,155,145,193,257	6776044	164233,70148,48709,36318,30638,25536,22994,19494,17312,15540,14602,13410,12138,11200,11125,10220,9554,8873,8767,8132,8134,7502,7343,6701,6743,6499,6309,6022,5833,5898,5679,5642,5467,5276,5112,5272,5087,4997,5168,4824,4938,4948,4772,5002,4925,4683,5130,5115,5139,5174,5388,5549,5846,6130,6779,7395,8638,10339,13675	393180631
