bs_rep	neu_sfs	neu_call	sel_sfs	sel_call
0	1077,469,302,246,196,176,170,126,136,106,93,79,91,88,71,72,79,63,61,55,50,47,43,45,47,34,38,43,29,42,36,24,39,32,36,34,36,34,40,31,43,36,37,40,35,31,39,28,40,46,31,31,45,41,39,58,57,66,83	2508075	1706,770,556,416,338,280,242,204,203,187,172,133,137,106,107,120,100,90,113,100,94,83,68,76,67,86,96,74,76,45,60,66,60,66,47,45,68,66,64,62,54,51,57,54,53,50,55,44,67,57,50,73,67,69,68,82,104,109,138	3860442
1	1011,451,269,233,188,192,154,124,131,104,79,86,89,100,80,82,69,72,68,64,43,39,32,51,55,31,43,46,21,38,26,21,37,23,28,27,21,30,35,37,61,31,35,47,55,36,45,21,38,43,36,33,35,30,38,67,51,68,92	2478120	1723,761,541,438,339,305,241,187,198,199,146,126,135,106,106,127,75,86,95,89,114,85,74,88,66,88,84,69,83,34,65,48,53,56,53,43,61,73,67,53,54,50,45,53,43,37,64,55,62,60,64,61,76,67,64,90,112,106,146	3887255
2	1054,469,306,255,183,174,158,107,117,97,109,79,87,82,80,75,67,50,70,42,51,66,45,55,49,38,39,42,29,36,37,25,34,31,39,24,24,33,46,23,40,37,44,47,39,36,37,32,43,44,24,42,40,41,47,56,54,73,79	2497536	1648,781,549,415,313,259,231,212,218,180,175,152,147,118,105,137,109,76,107,102,85,80,62,74,69,84,80,68,93,36,61,73,54,65,45,59,73,57,73,47,54,41,50,49,36,50,49,49,67,67,51,75,74,68,74,77,96,98,115	3827425
3	1055,468,318,225,211,172,182,132,137,98,96,68,95,108,75,71,82,56,60,46,47,35,43,33,47,36,36,43,33,24,45,23,36,35,38,21,37,38,32,31,35,29,37,43,41,29,30,21,38,52,29,27,51,50,36,61,48,78,77	2488564	1611,834,510,421,340,279,244,208,213,185,153,129,143,104,94,97,99,79,108,94,102,71,61,72,70,74,104,74,77,38,71,58,67,66,55,43,76,92,49,56,50,57,52,47,48,48,58,31,60,48,35,70,68,69,70,76,100,122,154	3833647
4	1100,456,299,242,186,189,180,96,149,112,92,88,85,80,73,68,70,50,58,41,45,47,31,40,44,28,40,52,21,45,34,29,46,29,36,33,41,34,28,27,47,48,36,39,28,28,35,25,44,52,40,37,41,32,36,52,46,74,80	2487545	1762,792,560,427,355,310,229,203,225,211,178,132,147,119,93,117,107,75,122,112,92,78,79,79,83,88,93,80,64,63,72,72,60,58,52,55,69,103,72,54,66,51,42,62,40,65,55,35,67,49,54,85,67,62,84,85,119,106,120	3893992
5	1036,429,297,245,176,159,177,107,136,102,95,72,77,82,79,69,78,52,54,40,50,53,52,45,52,44,39,39,20,51,34,30,47,35,34,32,32,22,52,30,39,33,31,30,40,37,44,22,40,37,35,25,51,46,38,52,59,73,76	2457320	1678,723,605,385,325,271,227,187,188,205,172,148,140,110,98,116,97,87,111,91,89,88,59,85,78,106,98,65,68,44,59,62,61,76,47,48,75,67,56,47,55,51,65,52,61,51,48,50,76,49,52,83,63,66,60,65,123,130,149	3822334
6	1031,499,278,235,194,162,145,126,141,102,102,87,89,90,76,58,84,47,62,62,45,58,45,42,53,29,40,35,29,40,40,27,34,34,39,26,34,21,44,26,35,28,33,44,31,32,39,29,39,48,25,28,41,38,37,45,43,67,87	2464056	1669,752,556,424,364,261,225,192,204,190,168,138,131,102,110,101,102,79,120,111,98,87,72,79,65,77,96,54,81,39,58,49,48,60,49,41,70,54,63,67,44,33,66,59,54,47,50,37,61,56,46,58,65,59,74,90,84,117,138	3819022
7	1101,446,290,262,192,179,193,144,131,97,92,80,88,84,63,53,64,55,59,52,49,47,43,51,56,26,41,40,27,55,37,30,41,22,38,41,39,29,37,34,35,36,36,47,28,36,39,27,44,38,28,29,40,39,34,42,60,74,74	2501796	1747,754,546,395,327,289,229,198,197,181,163,147,134,104,103,129,87,101,131,92,75,92,71,73,67,84,94,66,78,53,66,69,60,69,60,45,66,57,58,57,54,58,39,43,48,38,56,62,61,57,58,67,64,69,65,98,93,131,152	3818022
8	1049,468,284,239,188,164,164,142,138,81,105,64,94,101,66,61,65,52,61,62,52,38,37,46,44,49,37,46,24,39,45,23,37,34,21,18,37,38,45,32,47,34,41,43,35,43,51,29,31,55,32,30,44,32,33,43,57,59,87	2510137	1690,740,518,393,359,291,244,199,208,179,167,128,125,95,109,110,77,81,122,93,95,95,77,70,77,86,98,77,73,43,53,78,61,66,34,45,50,50,52,53,55,45,48,57,60,55,57,51,79,58,38,76,85,72,58,94,109,97,142	3809383
9	1129,501,297,281,156,189,140,140,140,105,97,88,90,88,66,72,97,68,57,58,45,44,43,56,53,44,30,34,28,42,36,29,51,22,34,41,40,33,26,31,50,42,30,38,27,26,40,24,41,37,25,30,38,48,39,60,48,61,86	2534686	1715,790,571,398,319,257,231,193,169,167,178,131,134,140,105,126,102,80,126,111,91,82,61,57,63,78,104,65,74,42,48,64,57,66,43,42,77,58,64,47,60,51,75,50,62,54,48,27,64,43,57,68,67,70,49,77,96,117,140	3866849
10	1071,429,273,260,198,215,153,121,130,84,89,79,90,82,69,75,78,60,55,55,61,42,40,52,47,24,37,43,32,31,35,28,43,33,38,30,37,38,43,33,53,41,36,44,36,30,36,22,42,50,28,32,39,51,38,47,34,71,95	2467287	1626,743,550,449,315,287,239,217,175,159,151,129,122,103,135,119,96,106,107,87,94,79,58,77,69,82,112,80,74,39,53,61,62,57,50,52,79,66,58,71,49,56,58,59,53,47,56,43,62,60,58,66,71,78,53,72,96,98,130	3833189
11	1062,478,320,269,209,182,184,144,143,96,86,66,105,100,77,66,70,70,68,54,52,54,42,48,59,30,40,41,25,54,34,19,37,22,46,32,35,33,30,33,57,39,44,42,37,34,41,33,38,47,36,32,43,39,43,66,48,69,77	2534025	1763,799,555,430,349,285,228,205,208,201,144,148,116,131,102,106,94,93,116,103,66,77,63,64,67,79,89,80,75,34,64,58,57,55,56,40,68,44,79,69,56,48,53,54,57,55,42,50,76,47,47,69,65,68,61,70,100,117,145	3942996
12	1068,471,295,215,189,167,191,123,136,111,85,70,91,98,73,66,80,54,56,55,41,50,45,39,38,42,35,54,25,42,35,22,44,37,35,44,32,27,32,28,48,36,36,31,42,33,55,19,42,50,45,29,47,49,40,57,61,75,87	2526089	1726,788,633,408,366,315,275,205,218,170,209,156,155,104,79,121,69,93,103,103,83,62,78,99,71,90,100,72,75,42,52,78,62,80,51,46,69,84,55,70,62,53,69,63,64,40,52,54,55,74,50,77,70,75,54,93,108,112,148	3926488
13	1072,448,289,240,215,178,169,128,114,119,90,66,90,106,64,82,69,68,62,55,46,45,46,52,43,32,43,48,20,41,42,22,42,35,50,27,34,23,42,35,42,37,28,42,30,40,38,23,43,41,33,32,45,47,33,48,33,69,100	2500493	1640,724,519,401,345,289,251,209,234,162,173,133,106,113,97,119,104,89,92,102,77,81,64,61,58,77,95,67,91,41,55,81,62,73,49,47,81,64,60,70,41,45,47,46,49,52,56,46,63,54,59,74,80,70,70,82,104,106,136	3799364
14	1106,512,319,226,184,155,170,120,147,95,86,98,96,80,69,64,76,77,62,51,51,59,51,39,51,29,32,53,31,45,49,20,39,36,26,31,33,35,34,35,44,30,34,38,35,32,30,32,43,49,24,33,46,53,32,61,65,56,103	2512277	1706,732,595,413,310,264,226,227,212,211,161,130,158,115,107,113,97,86,121,94,99,89,73,71,64,89,90,65,60,45,70,58,57,68,44,44,75,62,65,62,64,50,57,61,51,49,55,45,73,42,41,71,75,75,75,99,98,119,119	3856066
15	1075,463,311,253,197,174,154,141,138,107,77,99,102,79,74,81,91,67,52,59,46,49,41,59,43,37,42,45,30,26,35,26,39,31,38,34,33,48,46,39,40,40,39,40,37,28,33,27,39,49,39,33,39,42,41,77,63,56,71	2527858	1639,734,558,423,369,277,259,219,224,191,174,120,150,94,80,103,101,85,99,112,93,72,82,78,85,74,93,79,78,35,53,67,57,67,36,45,63,54,58,59,46,51,62,50,44,56,58,46,67,59,61,76,72,81,60,85,88,94,131	3890836
16	1059,466,298,267,218,179,161,130,136,88,79,81,93,79,61,76,94,61,65,66,62,59,44,43,59,41,40,53,32,46,40,21,52,25,36,25,29,38,47,38,53,54,33,43,35,37,34,14,51,50,34,37,46,40,41,65,67,64,66	2494905	1650,751,546,425,334,313,244,229,200,202,168,114,134,108,93,128,85,98,120,97,113,84,71,84,64,88,100,90,66,34,47,61,65,74,51,43,65,76,57,62,62,46,49,52,45,51,81,44,66,56,73,67,76,59,59,77,109,105,126	3893168
17	1035,438,292,233,207,181,141,111,132,109,94,70,82,83,57,59,92,56,69,51,61,54,49,39,53,37,29,39,42,45,31,15,29,32,40,25,32,31,34,24,39,30,40,40,38,40,33,28,36,51,35,31,35,45,27,61,61,71,72	2478725	1729,771,567,420,357,275,231,194,225,211,153,137,133,93,107,109,108,85,107,104,82,77,70,54,68,79,103,90,76,43,49,65,52,66,44,48,70,53,67,57,49,50,61,68,58,51,60,36,86,68,51,95,71,57,67,70,137,127,142	3903269
18	1009,481,303,249,224,160,166,128,140,110,98,73,84,67,76,78,77,57,66,47,47,47,35,37,48,25,34,40,27,30,32,30,44,37,45,40,33,19,42,35,47,35,46,35,42,28,28,35,42,53,25,38,40,37,35,47,54,47,75	2470947	1637,797,584,434,353,304,235,198,210,172,173,130,146,106,110,116,105,100,111,108,87,85,75,88,56,75,90,81,63,45,62,70,85,68,44,39,84,57,78,63,59,44,44,51,44,59,39,44,63,64,54,89,70,67,59,76,106,104,147	3847794
19	1177,492,306,259,190,175,204,136,126,99,111,92,94,90,62,77,76,64,62,59,46,40,41,38,48,36,34,52,27,46,41,18,37,36,40,52,36,41,42,27,45,32,34,39,49,43,33,37,30,46,33,27,40,42,37,49,49,56,90	2573902	1730,812,541,404,349,323,256,193,200,190,186,139,106,101,98,115,94,90,107,105,103,93,67,84,67,91,88,60,81,52,62,71,56,56,48,29,58,58,62,66,60,71,50,51,44,42,73,45,69,54,52,65,62,70,60,73,104,104,132	3827941
20	1079,484,308,255,198,160,152,111,156,104,91,82,94,87,71,83,70,67,62,62,46,52,37,42,43,34,42,42,16,41,38,21,38,31,39,40,36,28,39,28,45,38,33,40,28,29,32,32,41,49,22,30,44,46,28,54,70,67,99	2559833	1598,756,558,394,303,268,254,204,177,182,171,130,115,98,102,99,92,98,117,82,81,77,68,71,52,81,98,67,73,42,58,85,38,56,41,42,57,53,65,65,45,58,62,53,47,49,52,44,61,60,47,73,61,79,65,54,118,112,136	3695548
21	1035,454,310,257,218,180,174,126,126,111,99,68,103,80,64,70,87,76,71,47,39,39,36,42,43,37,41,48,31,38,46,17,30,35,40,39,30,25,50,22,47,27,35,51,34,41,45,30,32,42,32,38,48,46,39,66,65,54,75	2515141	1646,769,575,443,355,289,254,182,212,207,161,152,151,91,82,114,117,88,119,109,90,86,50,72,65,61,94,85,70,53,55,58,52,61,47,38,56,70,69,61,56,64,58,56,43,50,56,56,58,57,48,84,82,72,80,85,110,104,121	3902221
22	1060,451,315,230,199,175,166,126,125,96,92,78,89,91,74,77,79,61,53,46,44,47,44,40,48,30,27,35,23,35,39,29,35,33,39,31,34,42,39,29,43,44,39,36,36,36,48,23,30,41,35,24,43,45,43,61,56,68,93	2461302	1677,760,535,430,348,257,206,186,172,183,168,115,146,110,100,110,88,88,96,97,101,81,70,97,72,80,103,78,81,53,61,67,58,64,38,44,69,69,60,78,50,46,46,49,55,58,49,48,60,57,38,68,79,73,67,68,86,107,131	3800788
23	1089,488,299,243,171,184,163,105,134,113,90,75,89,76,69,74,66,66,64,52,42,47,38,42,36,31,35,47,26,54,29,29,45,30,40,35,28,40,44,30,48,30,36,41,34,25,30,27,35,36,31,31,44,42,43,46,73,57,73	2504507	1636,779,547,389,315,297,233,202,184,207,174,146,145,118,106,94,84,88,122,93,85,100,57,82,76,87,102,82,77,55,63,55,56,67,46,46,54,70,58,59,61,28,68,43,55,52,45,49,72,58,47,68,66,71,63,82,92,106,139	3837753
24	1078,495,327,241,195,189,183,132,145,101,106,81,98,99,70,79,82,53,71,51,44,44,38,37,36,38,40,51,40,35,48,32,50,38,35,28,34,31,40,28,50,29,33,35,33,34,36,25,43,39,28,36,51,44,43,53,54,74,90	2575482	1715,737,583,439,326,305,235,208,214,179,175,131,122,105,120,102,102,93,98,106,105,81,74,76,62,88,103,73,71,46,63,65,73,61,39,39,72,62,71,74,54,66,69,62,48,57,47,48,85,65,52,85,78,74,59,86,129,96,157	3858736
25	1158,470,326,232,175,170,188,109,127,105,103,75,79,96,67,73,81,59,66,37,49,46,45,55,43,37,38,43,29,38,46,31,41,32,33,33,32,26,27,41,42,39,41,53,42,34,37,36,36,50,37,35,51,42,43,73,65,57,77	2550706	1714,796,558,386,352,249,239,203,205,196,203,126,132,103,120,123,101,79,110,92,92,71,74,75,64,67,97,82,89,36,53,61,52,50,50,53,74,71,63,50,48,49,53,54,46,49,47,41,72,72,56,81,72,69,74,77,117,111,150	3893948
26	1068,450,252,222,190,168,146,121,133,88,95,89,94,89,77,79,63,66,61,52,43,44,36,55,41,32,37,43,24,42,41,22,47,28,43,29,43,36,34,30,51,35,42,23,33,34,43,35,38,42,29,32,59,52,42,49,49,64,100	2498867	1762,785,545,404,385,329,264,224,211,184,149,135,138,109,116,109,100,96,112,110,98,71,85,74,80,93,86,63,75,56,56,64,56,74,50,50,53,53,61,74,41,55,61,49,55,53,53,45,88,59,54,70,70,82,66,76,96,110,151	3831847
27	1096,441,330,253,228,166,181,143,143,103,100,86,99,96,69,70,71,78,57,59,44,52,33,42,44,28,43,45,31,33,53,28,34,43,34,36,40,48,45,32,48,27,46,44,39,27,44,34,36,37,33,36,46,58,34,57,71,68,88	2526606	1830,759,539,430,368,298,252,204,209,208,187,128,137,118,96,103,91,96,115,119,112,77,67,80,80,86,105,99,77,51,50,84,53,69,58,42,68,45,49,52,52,51,53,45,45,61,45,49,70,72,46,83,58,79,64,87,124,113,141	3922598
28	1078,458,264,247,191,199,134,111,155,103,74,83,92,67,74,75,66,78,64,68,47,43,43,41,52,28,32,25,37,37,36,22,31,23,40,42,30,40,41,37,45,33,42,37,25,31,34,34,39,45,27,22,44,43,38,61,55,61,72	2499192	1648,772,541,382,343,279,208,196,180,212,150,150,143,109,98,134,107,81,130,104,85,79,58,76,46,98,105,86,85,41,74,61,52,67,49,47,59,67,54,72,43,47,59,65,51,49,56,50,62,50,39,72,56,60,69,77,91,103,149	3818025
29	1059,425,299,245,184,175,168,111,138,106,79,71,93,91,72,75,81,64,54,55,47,46,45,45,46,30,26,40,28,43,34,26,43,36,22,25,32,29,50,32,52,33,35,34,21,28,27,27,33,45,34,30,34,51,43,54,61,72,78	2453878	1697,750,573,386,331,240,234,181,184,179,178,138,169,100,109,123,114,75,92,96,75,81,68,89,43,76,67,81,69,38,46,65,62,65,41,38,52,51,56,61,52,49,50,56,43,58,59,46,68,45,39,56,58,68,64,83,79,92,137	3748642
30	1079,490,321,271,197,162,185,136,123,92,102,76,90,83,71,58,76,74,63,47,38,38,49,44,43,18,28,43,21,44,43,26,28,31,37,19,27,26,42,27,37,34,31,39,44,27,32,21,43,30,31,34,50,38,35,66,81,74,61	2436909	1787,814,554,388,347,274,247,230,202,182,164,132,124,91,95,123,96,108,117,97,88,81,58,88,57,89,113,85,77,50,56,54,71,69,40,40,69,66,68,55,49,48,52,61,64,63,48,67,63,48,49,89,60,71,54,71,114,105,139	3866914
31	1039,494,295,261,200,177,167,112,130,100,91,75,86,113,70,66,84,55,56,55,63,44,50,49,47,41,38,51,27,49,45,29,42,29,34,40,40,38,48,38,45,28,38,38,34,26,41,29,27,53,33,30,46,43,52,55,55,55,87	2448654	1703,781,603,364,359,271,227,213,207,207,157,131,149,107,119,122,101,86,116,106,96,82,54,80,80,75,104,69,56,36,66,65,63,77,51,45,59,74,61,58,58,50,50,63,55,61,48,47,70,48,51,64,73,77,70,85,105,119,151	3931373
32	1043,470,298,229,189,146,147,116,136,103,113,72,77,73,60,77,83,75,61,64,57,46,36,48,36,40,47,40,31,46,34,27,36,37,40,32,31,30,42,25,39,35,36,36,33,25,33,36,44,44,26,28,43,31,31,39,52,67,92	2473428	1707,713,538,382,320,297,223,183,218,177,181,151,137,112,119,127,96,97,99,93,88,74,69,83,53,82,99,67,80,50,72,82,83,62,41,44,78,57,77,68,52,47,44,56,48,37,61,30,66,62,39,57,66,64,64,90,102,99,141	3809302
33	1035,476,261,249,186,181,181,132,148,112,90,94,103,109,65,73,72,63,57,58,53,55,46,50,55,44,33,61,28,45,45,19,61,27,43,32,39,34,47,28,42,29,33,35,26,29,35,32,40,53,37,25,54,45,33,65,55,76,93	2513114	1629,709,519,390,310,289,236,200,214,190,175,127,151,110,117,126,101,91,94,111,90,86,66,77,67,73,89,52,80,38,68,68,53,66,46,55,82,69,75,74,58,47,52,49,49,29,45,29,78,54,39,68,58,59,82,88,93,96,142	3818645
34	1083,461,345,244,218,200,168,145,128,102,94,75,96,107,65,85,93,57,66,51,58,50,43,43,55,32,32,50,31,47,32,38,31,35,46,39,44,35,28,38,45,37,41,40,42,32,45,22,31,49,29,39,50,42,36,66,61,69,87	2518741	1728,836,506,409,362,282,229,192,201,187,187,138,144,110,115,118,98,85,123,108,78,72,83,84,69,76,111,71,78,43,59,70,60,61,44,39,59,74,65,76,54,53,55,72,61,51,66,48,69,53,41,66,62,84,71,63,105,98,138	3859075
35	1123,459,317,238,166,175,181,107,131,115,101,90,110,83,71,66,87,50,71,64,56,46,53,38,53,45,22,46,34,54,38,21,37,26,44,40,36,36,39,22,42,25,47,35,38,23,30,21,32,49,29,32,40,25,44,59,60,68,81	2511256	1693,767,486,394,318,270,226,185,214,162,158,154,159,118,98,114,77,93,117,80,91,75,81,72,62,67,70,67,61,30,73,50,53,51,43,43,73,65,63,72,40,46,55,43,29,43,67,47,68,61,43,81,62,65,73,73,119,122,144	3758810
36	1040,428,275,235,193,164,152,124,142,92,97,90,72,79,65,77,76,67,53,56,50,52,36,42,38,38,34,48,30,37,36,32,44,35,32,33,21,38,47,36,46,39,34,49,28,22,42,33,42,42,33,39,32,42,34,66,45,67,77	2502658	1672,794,509,403,367,272,235,187,228,184,160,130,122,114,101,118,98,78,100,96,92,78,71,78,71,81,104,68,73,44,56,61,64,70,44,37,74,65,67,61,68,43,59,54,63,64,56,37,61,59,54,72,56,73,49,64,102,105,146	3807258
37	1085,482,281,254,215,173,171,123,126,112,87,83,89,99,59,70,81,77,67,47,41,42,42,39,43,35,34,39,36,46,42,30,37,36,36,38,40,41,34,28,39,41,36,38,36,35,45,42,34,43,41,31,43,40,43,43,54,72,64	2497950	1723,716,549,438,313,240,230,211,204,217,164,111,141,95,99,121,109,75,114,113,91,89,63,82,69,84,84,75,64,46,60,63,66,90,37,42,78,71,59,52,54,52,62,52,43,54,58,50,74,65,60,70,65,56,51,80,98,108,140	3840394
38	1061,451,282,204,176,156,155,121,140,106,91,92,89,79,74,76,85,71,53,50,57,39,44,50,47,25,39,39,24,39,32,22,42,41,39,33,32,28,26,20,40,43,45,50,42,29,47,28,33,42,27,27,38,31,37,52,58,74,83	2451634	1721,745,516,392,362,250,224,180,201,174,181,125,144,101,104,120,115,89,119,122,76,76,70,70,82,99,87,68,87,51,68,66,57,80,55,56,63,62,50,58,57,32,48,51,67,56,44,51,65,61,46,72,62,64,55,68,104,93,128	3789056
39	1076,466,301,252,181,178,154,135,121,99,97,76,98,72,78,79,69,64,59,65,52,41,35,33,37,27,40,45,26,49,33,26,33,40,34,38,37,34,35,33,44,34,48,47,26,29,31,29,46,50,36,29,47,37,35,59,71,61,81	2493121	1789,836,555,397,350,289,257,196,201,204,197,133,125,118,110,108,105,80,114,110,105,81,84,63,64,97,88,76,67,50,70,76,71,78,48,51,62,69,55,53,56,62,43,67,61,48,55,51,72,56,53,72,70,74,74,77,95,109,141	3920236
40	1026,463,286,236,190,179,170,120,130,95,82,86,108,84,69,81,85,67,42,42,50,48,45,46,51,23,39,39,27,39,41,22,35,34,42,31,23,26,44,30,47,35,37,28,34,32,33,23,48,47,35,45,40,31,42,68,61,58,84	2456421	1687,783,546,406,347,290,227,214,192,179,195,144,149,89,101,126,83,96,109,104,75,78,88,63,61,86,101,73,75,50,54,61,48,64,51,50,79,56,62,62,46,56,64,48,42,54,55,56,63,49,44,76,60,73,60,81,96,131,151	3823438
41	1076,427,257,240,185,151,181,123,140,111,103,64,84,96,63,73,77,64,52,60,51,55,37,57,49,28,42,46,21,35,29,24,41,29,37,23,31,28,49,33,36,40,43,47,41,38,38,31,55,39,38,31,42,35,47,42,54,84,79	2538631	1738,806,535,396,300,286,233,218,197,198,157,127,132,110,103,114,98,76,99,89,100,84,62,84,55,101,79,70,83,42,62,55,47,57,56,57,62,74,74,74,57,46,58,67,47,50,49,34,71,60,49,85,66,73,86,75,110,120,164	3851816
42	1110,476,301,227,215,186,202,108,133,107,90,84,86,96,90,68,79,60,64,53,42,48,44,52,43,32,40,39,25,43,47,25,37,33,28,27,53,45,45,30,36,40,44,43,35,34,34,23,30,54,36,34,45,38,36,56,57,53,66	2514154	1709,803,583,432,349,280,229,200,198,207,168,134,115,102,103,118,111,90,120,82,96,76,62,75,83,83,94,68,85,56,67,73,60,71,40,44,70,66,67,60,68,56,74,49,44,50,75,42,59,54,47,74,66,70,71,82,115,104,128	3908847
43	1075,464,317,247,179,159,204,124,138,120,97,77,93,75,76,70,86,64,67,45,49,51,40,47,48,31,34,51,30,43,38,22,38,25,26,45,28,27,43,31,50,46,47,43,37,33,44,30,38,59,36,30,26,48,42,62,72,77,69	2547609	1866,773,570,431,318,318,251,222,190,188,197,145,143,116,116,126,109,84,110,81,89,84,66,68,88,83,109,83,77,48,70,75,62,64,48,57,70,63,47,50,34,46,63,57,51,48,56,35,59,68,50,87,52,75,44,91,119,115,147	3943433
44	1039,472,301,236,202,195,142,124,124,114,92,87,102,78,69,76,77,52,48,62,47,49,41,43,33,36,29,35,26,37,27,21,32,39,36,49,34,35,34,35,32,36,41,41,35,35,38,29,32,48,37,30,48,59,49,64,47,63,76	2466043	1651,778,528,392,359,264,213,202,211,181,162,86,135,113,105,134,108,93,114,106,78,68,59,77,70,97,94,68,75,46,48,82,77,79,46,57,69,66,74,54,50,56,53,55,48,44,54,46,65,41,62,65,68,71,73,95,110,115,148	3800165
45	1047,461,302,234,186,177,182,108,125,111,87,79,101,99,69,74,89,63,61,69,54,46,34,50,51,32,26,40,34,30,43,23,39,20,31,40,41,31,55,21,40,33,50,43,32,23,31,29,49,53,25,34,45,38,38,57,63,78,74	2524977	1718,797,630,422,367,284,260,208,219,189,158,118,137,132,122,119,91,96,110,101,111,81,80,71,55,101,88,72,67,38,67,60,66,66,49,46,49,69,73,70,55,46,62,48,63,59,48,56,64,51,34,59,72,72,72,77,138,116,125	3906181
46	1078,471,315,246,219,178,184,123,153,102,87,83,82,96,82,64,74,71,45,44,59,55,39,49,49,32,36,50,27,42,41,26,45,32,38,39,34,38,45,35,44,31,41,37,34,40,42,33,38,38,26,22,43,49,39,64,61,70,82	2536439	1691,805,597,403,330,264,238,193,230,223,179,136,134,108,100,127,109,84,101,92,100,96,66,68,67,64,78,69,77,42,65,66,61,62,53,36,74,73,57,58,53,48,52,48,39,44,60,36,78,55,50,74,60,81,64,89,123,99,132	3860594
47	1070,438,313,266,205,171,167,131,147,114,107,72,93,68,72,78,86,58,49,51,53,40,42,31,44,39,32,43,27,34,30,19,43,27,35,28,44,21,44,27,57,30,35,43,43,31,39,29,42,44,28,31,43,48,39,62,69,71,87	2501106	1711,794,611,406,357,286,274,190,219,173,166,126,122,96,100,116,92,93,111,95,93,80,67,68,56,81,97,80,82,39,58,44,76,52,44,46,65,56,61,54,64,43,51,54,44,45,55,54,60,47,59,87,72,62,65,89,96,114,136	3878720
48	1102,510,311,267,210,156,187,116,140,110,92,90,82,85,73,77,73,55,75,61,55,54,53,47,53,33,37,33,34,37,34,22,37,36,26,36,33,33,43,33,41,36,48,29,43,43,44,32,42,40,30,28,49,48,39,70,51,66,84	2520005	1747,745,592,447,345,272,238,235,188,198,188,150,138,117,114,118,104,85,121,87,83,84,68,69,58,84,92,76,65,34,64,62,58,80,45,50,84,76,59,78,47,56,58,64,47,44,64,44,57,66,59,63,67,71,62,90,116,104,149	3852144
49	1057,452,322,227,187,160,160,127,123,94,86,72,90,94,78,62,83,65,57,73,50,42,51,40,55,38,36,25,25,35,37,23,34,33,32,37,40,34,43,22,44,44,38,33,29,29,46,30,30,51,30,25,45,36,42,46,61,65,93	2501301	1669,719,601,422,310,258,210,204,188,181,147,145,130,111,91,90,68,77,108,98,84,75,72,81,64,91,110,65,79,40,66,77,58,67,70,42,55,64,54,56,44,66,49,45,50,58,58,55,79,42,49,71,75,63,60,78,131,108,128	3817218
50	1110,442,281,273,180,171,175,125,138,99,96,70,94,77,75,69,84,65,78,68,46,49,40,43,35,27,26,41,22,32,30,37,36,29,29,27,42,31,31,30,49,29,40,29,41,34,43,26,41,45,30,25,45,34,40,42,66,72,84	2488134	1728,803,541,465,366,309,261,167,207,188,193,131,132,114,122,123,111,94,130,120,89,101,82,74,55,62,92,75,76,36,49,57,51,57,52,47,71,69,69,70,72,60,66,64,49,34,42,43,79,65,55,78,61,75,62,94,118,103,159	3900542
51	1074,475,286,234,222,189,158,134,119,107,94,92,76,81,78,86,88,72,58,55,42,48,40,61,51,34,39,44,28,47,35,19,33,36,42,32,37,33,45,21,44,33,29,41,38,33,32,26,42,58,28,32,38,47,51,62,55,73,83	2565280	1668,796,549,465,338,255,248,215,203,208,186,149,139,92,105,127,99,83,119,98,95,75,65,72,81,95,98,69,78,37,57,65,53,82,57,47,73,55,71,64,54,53,51,45,36,54,46,43,84,83,46,78,68,60,70,84,119,98,148	3928910
52	1051,495,287,251,179,163,171,114,136,82,75,84,107,96,73,61,83,74,59,55,56,46,40,38,55,37,38,48,28,44,33,22,30,28,34,33,37,28,50,32,49,38,28,46,31,30,51,22,37,50,35,25,49,30,33,80,46,68,78	2432074	1761,813,571,389,372,281,260,213,208,182,195,128,132,102,112,117,81,70,109,78,82,61,72,74,59,71,89,56,72,56,69,75,55,83,31,49,67,56,80,58,57,51,51,49,69,43,52,44,53,54,51,84,79,66,62,68,112,126,128	3887277
53	1056,495,305,232,219,173,160,151,132,100,85,90,83,76,67,71,69,60,44,51,48,56,38,58,49,32,38,47,32,50,23,21,50,34,38,22,35,37,41,34,34,35,38,42,25,35,47,38,37,60,35,39,47,37,44,61,64,58,84	2469612	1754,769,541,436,346,275,257,199,192,208,183,110,132,86,100,125,99,86,95,104,99,91,66,73,63,76,103,68,78,43,52,57,55,57,35,45,74,66,73,53,48,55,55,46,48,42,55,31,75,50,50,82,82,68,57,76,88,108,133	3835286
54	1115,452,315,259,177,170,164,120,129,95,96,69,101,98,78,83,84,64,66,57,48,47,35,52,54,35,39,43,24,53,39,26,35,24,35,36,49,38,42,36,47,42,39,38,28,26,37,17,43,42,28,42,41,34,47,60,46,57,90	2500333	1697,746,555,388,342,252,223,189,190,169,169,119,131,89,112,125,111,95,101,74,91,75,46,60,78,99,92,76,75,43,62,68,56,66,51,49,80,68,54,55,50,44,61,65,49,34,47,59,95,59,49,88,68,61,71,81,100,98,163	3795814
55	1084,472,324,261,186,198,177,137,138,104,96,93,90,86,71,72,76,81,63,57,42,38,50,32,57,24,32,47,33,42,34,28,43,31,54,36,34,35,45,25,31,46,28,38,30,39,30,21,33,46,31,35,32,35,33,52,44,72,94	2449095	1770,813,547,445,334,290,254,199,195,195,187,133,127,119,104,121,99,106,139,84,86,64,79,73,57,81,84,72,93,50,72,72,61,66,42,68,56,58,57,53,47,43,54,47,55,46,54,42,67,67,52,91,62,61,66,83,98,104,142	3926902
56	1071,487,300,252,162,168,147,132,141,117,68,75,99,92,76,78,74,56,52,50,59,38,53,43,47,36,32,35,28,36,27,20,32,30,39,35,36,29,40,37,39,36,36,34,29,30,41,33,35,47,21,31,47,42,42,57,58,64,70	2513411	1777,853,560,430,322,287,248,222,233,192,180,135,111,100,97,130,97,94,116,98,99,83,76,65,65,106,83,74,78,48,56,64,79,62,47,39,64,76,50,67,49,48,57,54,40,40,57,55,88,53,45,68,72,49,66,81,90,104,158	3926660
57	1037,436,318,254,182,185,175,132,122,101,94,72,104,102,70,83,89,65,66,62,64,52,43,43,44,38,31,28,30,46,36,29,31,28,26,32,24,54,31,33,41,32,38,36,27,27,43,24,41,50,32,27,41,36,38,63,55,53,71	2510413	1689,727,513,435,333,276,227,195,184,199,171,152,131,94,96,108,97,87,99,137,90,89,92,80,57,81,96,77,66,37,66,58,77,71,44,36,76,61,61,60,55,43,57,37,40,47,55,47,74,61,52,85,66,65,65,89,105,99,149	3838520
58	1091,487,317,266,203,183,156,104,145,114,107,85,95,78,71,70,72,49,62,57,52,53,44,39,50,35,39,43,29,52,33,26,33,23,45,26,38,36,34,30,47,26,52,44,42,37,37,30,43,48,26,39,34,38,34,57,55,69,77	2512698	1736,816,531,422,332,271,223,191,213,164,156,136,120,129,117,121,109,99,107,100,99,80,86,63,64,81,83,68,110,37,48,72,65,59,45,44,69,65,61,44,52,50,54,53,61,52,45,51,63,52,47,66,69,57,77,83,111,128,146	3801395
59	1053,499,278,244,176,181,163,124,143,101,98,84,69,83,53,58,76,61,82,41,41,50,39,36,55,38,34,43,34,41,39,23,37,38,30,37,30,32,39,37,39,29,37,31,40,28,39,34,48,59,36,23,41,38,33,40,58,76,90	2517042	1716,782,545,413,303,258,217,188,195,194,166,149,133,137,105,91,112,90,108,94,87,88,77,74,66,94,101,71,70,51,59,58,47,58,56,60,58,56,77,64,47,46,57,48,49,57,53,42,50,46,50,65,63,82,77,77,132,128,151	3836006
60	1085,473,302,245,189,182,177,144,156,115,80,86,96,88,80,73,80,63,62,51,50,46,34,66,45,30,35,43,32,46,48,21,41,35,50,40,48,38,45,42,37,48,34,44,37,38,34,22,54,50,33,33,50,40,38,63,69,71,91	2525763	1695,811,584,423,317,284,251,203,185,161,186,135,129,108,128,111,94,110,104,90,97,66,77,72,67,85,80,68,71,38,72,73,61,78,46,35,66,76,56,55,49,50,47,64,58,38,51,44,69,66,48,65,73,69,59,86,119,118,127	3837630
61	1092,429,302,237,206,198,156,121,148,108,105,78,95,85,58,87,87,58,59,51,71,45,47,53,50,32,30,42,37,42,32,22,48,26,32,34,35,29,29,26,37,36,42,40,33,29,36,32,39,38,33,41,45,41,35,57,60,63,84	2461575	1774,742,517,389,331,280,243,191,198,189,176,122,126,112,107,133,92,66,110,86,95,73,65,85,67,72,94,62,79,41,44,71,51,56,56,46,67,57,68,72,71,42,47,59,49,37,62,52,68,50,57,58,79,67,74,92,82,103,142	3862871
62	1049,510,308,240,195,181,164,129,132,101,80,93,80,96,64,59,81,53,56,62,50,45,39,48,47,37,36,46,24,37,33,27,49,30,41,37,32,36,36,27,28,46,27,33,32,29,45,19,37,45,26,30,38,48,38,57,48,70,88	2528877	1651,759,613,478,346,280,236,184,196,185,180,133,131,121,108,132,99,94,116,110,93,98,61,83,63,82,96,78,77,32,57,86,69,65,61,59,79,71,56,54,46,50,58,56,44,41,50,42,80,48,56,79,65,77,64,90,86,99,144	3839652
63	1067,479,306,240,184,184,189,142,154,104,93,81,106,85,87,68,76,53,63,58,54,48,44,39,57,32,42,48,36,44,29,24,42,28,36,41,33,37,37,29,38,22,28,33,36,34,40,24,46,47,29,27,60,46,51,49,47,66,81	2513279	1752,753,561,444,311,289,218,185,216,201,170,130,137,94,101,118,105,81,100,100,82,75,67,85,72,86,107,74,65,44,53,59,81,61,43,56,66,59,62,63,60,59,65,52,51,43,36,52,57,57,56,81,72,86,76,79,106,116,149	3871680
64	1099,437,305,250,186,174,209,118,128,108,98,76,78,87,83,65,72,57,70,68,40,46,43,46,30,29,24,54,29,48,22,25,38,35,33,34,30,33,26,34,48,37,38,42,30,33,41,25,33,48,39,23,45,53,44,65,55,53,80	2505786	1780,806,605,407,337,271,236,190,227,178,163,131,140,118,105,112,87,78,108,108,103,102,64,63,84,77,100,65,73,54,64,56,63,61,40,60,75,74,48,69,51,52,54,54,44,61,38,54,59,57,40,67,58,83,70,73,125,130,145	3921173
65	1082,473,284,225,186,161,155,118,130,106,93,80,75,105,67,73,80,64,65,51,64,51,47,30,55,32,39,37,28,46,36,29,42,27,35,42,30,30,38,22,40,41,35,44,25,30,48,28,43,46,27,22,51,30,42,59,56,66,83	2468213	1739,778,573,436,348,277,233,209,211,196,160,145,163,120,117,125,92,100,123,122,91,74,63,77,58,97,97,77,75,52,71,76,79,73,37,34,72,76,81,69,63,59,68,57,42,39,65,46,66,53,55,69,80,78,78,96,99,118,133	3966515
66	1038,460,292,229,193,164,168,113,141,95,102,93,95,94,79,60,65,59,59,50,57,46,47,41,48,44,34,43,25,48,38,20,36,28,35,28,39,39,44,33,43,34,37,29,43,30,35,28,55,55,35,36,49,45,36,59,67,78,72	2515461	1764,771,590,445,360,289,224,174,211,193,171,120,140,111,123,129,119,86,123,104,92,84,47,73,71,77,90,51,86,40,80,65,62,66,45,47,51,77,63,59,59,45,39,46,50,63,59,62,75,52,55,75,68,77,69,83,88,99,143	3906325
67	1118,485,305,259,187,179,162,136,130,101,109,68,92,83,75,52,73,65,51,56,55,34,42,56,54,35,30,51,25,38,37,19,40,36,40,44,45,45,50,32,47,38,34,41,36,31,42,26,42,54,40,41,46,43,34,51,82,72,87	2580008	1594,801,592,470,350,291,224,199,205,179,181,134,135,113,87,124,87,80,134,97,86,71,73,89,67,72,95,79,74,45,57,67,61,65,47,41,55,59,58,62,46,60,45,49,59,55,55,40,76,50,39,61,73,67,92,88,96,121,144	3882780
68	1103,530,321,268,187,169,156,108,102,103,103,88,87,91,66,62,84,63,62,61,45,46,45,32,50,38,36,52,33,53,37,25,47,28,45,35,40,41,35,28,36,38,48,49,33,27,38,22,35,42,23,17,42,47,39,48,56,56,82	2534571	1719,797,608,413,387,278,266,204,187,176,156,126,142,100,94,125,97,105,104,90,87,77,62,73,72,84,108,76,67,47,46,75,64,86,59,48,67,73,63,62,50,49,61,60,66,53,45,35,47,55,51,51,79,80,74,75,86,101,125	3891068
69	1046,532,329,220,217,187,178,120,141,98,88,95,74,78,82,78,81,67,53,50,38,45,47,42,51,28,33,40,35,37,48,25,35,40,27,42,36,28,34,27,45,39,43,40,51,25,38,38,36,40,26,33,43,55,41,61,54,77,75	2506846	1654,789,583,407,334,257,218,208,242,223,196,121,142,104,100,117,97,112,115,94,81,96,63,60,72,76,98,72,64,41,58,58,65,79,62,49,63,61,66,64,41,62,52,51,46,56,64,46,64,57,48,69,60,73,60,89,87,107,138	3883053
70	1041,444,302,205,173,150,165,121,125,102,93,68,80,91,63,60,98,57,62,57,44,49,26,37,30,34,40,39,23,46,34,21,34,40,35,31,29,45,35,22,38,41,39,47,35,32,31,30,37,44,30,39,41,37,47,54,70,64,74	2419660	1671,784,551,375,340,281,239,202,195,182,153,134,139,124,110,121,99,86,91,116,109,91,74,83,72,67,80,76,59,43,70,56,71,65,45,44,64,54,58,73,47,47,55,52,46,47,59,40,67,60,65,83,76,60,55,100,104,113,145	3799278
71	1066,509,294,258,224,171,162,124,141,120,91,82,90,85,75,82,74,70,67,57,40,41,40,31,49,30,40,40,34,49,38,16,39,30,49,34,38,36,48,26,42,34,34,43,32,35,36,31,52,53,40,24,53,33,39,56,61,67,79	2540344	1774,827,590,434,362,282,215,217,217,199,166,127,144,105,107,121,95,91,109,104,92,76,68,72,60,77,111,88,79,49,57,76,64,60,54,50,68,69,74,52,55,61,61,36,56,59,53,58,86,51,42,80,71,72,76,99,97,128,138	3969497
72	1128,462,347,250,176,180,178,135,161,102,101,75,85,109,65,74,96,56,65,56,44,48,50,42,43,35,31,37,19,41,38,25,47,25,31,25,31,35,30,26,38,35,35,40,25,35,36,27,38,43,17,30,53,39,39,62,52,72,76	2558231	1809,796,528,440,338,274,233,182,204,194,135,134,150,112,105,123,101,91,111,101,84,85,55,70,69,89,95,78,82,49,80,59,57,55,45,41,55,66,48,68,47,52,58,44,48,37,35,32,75,58,55,70,56,57,76,70,91,121,117	3828527
73	1040,502,296,246,194,161,182,122,120,120,86,90,87,111,69,84,69,56,75,43,50,54,41,41,53,32,25,34,30,36,28,25,49,24,35,40,32,33,34,34,38,31,38,48,39,38,36,34,41,44,37,31,56,45,24,50,55,68,96	2486032	1764,824,574,406,328,294,235,188,225,182,176,152,138,131,108,126,92,101,123,104,99,71,55,80,72,86,83,83,74,36,67,66,61,57,56,44,64,60,49,66,49,67,60,50,65,63,61,44,94,48,47,72,74,72,59,79,107,119,172	3888179
74	1073,494,286,246,217,185,171,127,140,91,94,87,90,81,60,74,72,61,70,67,55,64,42,41,65,30,50,33,30,39,30,17,40,36,40,32,40,36,40,26,34,33,39,41,30,31,24,32,45,42,37,36,42,40,43,54,47,52,91	2554380	1644,816,536,436,341,290,261,220,207,183,157,128,131,109,79,104,104,97,110,119,95,79,70,77,56,89,93,96,83,36,58,54,76,84,55,40,78,56,81,68,62,41,46,54,48,36,54,48,84,69,40,83,76,66,78,87,112,131,142	3864730
75	1066,460,285,222,208,186,162,128,150,120,107,70,88,68,76,57,87,73,63,49,41,46,50,40,46,40,42,41,22,31,31,25,28,26,31,29,35,36,41,39,36,34,45,50,38,25,42,26,38,44,32,30,53,48,42,63,59,65,78	2453105	1767,797,535,421,352,290,270,198,245,198,194,148,143,98,111,129,96,91,98,108,102,99,77,80,49,77,90,77,86,49,64,53,45,57,38,45,78,64,60,64,39,69,52,55,49,55,51,41,73,52,64,68,78,80,83,94,101,91,136	3914043
76	1101,467,280,256,196,180,166,123,134,112,88,70,97,88,70,87,71,53,62,50,62,48,37,47,46,35,42,46,25,41,40,28,34,28,38,39,28,41,38,30,39,35,32,35,34,33,33,29,39,51,26,35,50,31,42,74,57,53,86	2513595	1714,768,516,417,333,245,237,208,194,191,160,142,135,107,120,123,86,90,121,85,83,83,66,66,91,79,94,75,73,49,61,63,62,58,52,46,74,56,58,68,59,55,55,49,48,52,69,54,81,52,58,82,66,73,65,75,111,97,110	3813186
77	1026,466,303,243,199,164,150,104,126,105,93,80,92,73,55,63,85,66,50,52,53,44,40,44,56,22,39,42,37,51,43,25,38,33,37,36,34,35,40,23,45,39,25,34,40,26,38,29,39,39,32,27,45,47,46,50,44,72,73	2474866	1755,768,601,396,341,281,258,214,210,185,182,145,137,113,129,107,96,94,115,105,94,82,54,84,78,95,97,75,82,63,60,80,65,64,55,54,68,63,70,91,50,48,60,53,64,46,59,59,64,61,51,76,76,85,70,91,105,105,131	4004532
78	1083,497,308,229,176,161,155,140,119,111,85,87,87,71,95,67,81,69,65,45,47,51,44,42,50,48,40,44,29,36,38,26,28,32,38,34,39,31,41,43,44,39,38,38,33,30,47,25,31,40,36,27,37,47,39,64,54,72,74	2510428	1747,784,524,402,334,252,277,182,185,171,180,130,131,105,122,132,109,105,96,100,114,93,67,78,72,79,103,73,77,50,74,73,63,73,45,49,52,49,66,73,56,38,58,62,50,49,66,50,67,64,43,78,69,74,67,80,106,102,160	3900094
79	1077,474,294,228,162,153,166,133,134,108,101,77,91,87,76,64,72,72,50,51,53,45,43,32,38,25,37,38,26,45,33,27,44,44,38,35,46,30,38,28,36,34,38,45,31,28,45,34,49,55,27,25,49,44,31,61,65,73,100	2450803	1615,775,551,417,351,312,245,200,205,195,161,122,147,96,117,124,95,85,118,83,90,87,56,58,64,71,107,80,81,39,68,68,69,71,51,51,54,75,54,62,47,40,47,50,48,59,61,45,66,62,37,73,62,70,76,78,106,123,148	3881508
80	1111,498,302,262,174,174,179,134,132,111,120,67,97,76,74,75,82,64,54,54,46,44,48,39,48,18,28,39,27,40,36,20,35,35,32,35,35,35,39,38,34,51,29,35,34,23,35,32,40,47,42,31,34,34,50,53,65,58,72	2526214	1666,781,517,408,336,276,234,206,244,191,175,134,133,104,108,116,111,106,112,97,94,99,58,86,61,89,114,64,75,40,54,74,68,71,45,55,87,57,66,48,56,47,64,55,58,56,63,51,65,56,46,77,47,81,67,86,86,130,129	3840122
81	1064,449,317,258,196,183,166,127,127,98,91,76,94,97,79,71,82,71,60,53,51,49,44,46,50,45,38,41,29,40,37,24,34,28,41,37,35,41,35,36,36,34,35,42,33,23,40,32,41,44,33,24,44,50,35,68,54,67,76	2499672	1698,716,575,421,314,246,220,188,217,187,150,134,133,120,115,117,103,83,97,102,83,77,67,79,83,72,93,64,87,51,54,72,53,58,43,51,71,65,68,63,56,51,41,63,46,56,48,46,59,60,40,89,71,58,63,87,141,98,143	3840849
82	1063,468,273,245,204,170,181,117,134,96,109,79,80,96,64,77,79,69,56,54,49,54,44,46,41,38,32,47,27,46,35,25,45,39,38,32,29,39,33,26,45,37,38,45,38,26,35,31,47,41,28,36,33,46,38,39,51,61,84	2525399	1687,743,541,410,355,253,231,212,204,182,177,142,118,100,101,114,79,77,111,108,98,95,63,66,88,80,88,57,72,65,55,57,62,61,65,44,75,58,71,66,70,48,64,43,62,35,45,49,66,39,50,69,68,75,70,75,113,107,160	3852102
83	1102,517,280,269,197,165,188,125,137,111,77,74,76,82,64,68,81,61,66,51,39,45,37,32,54,35,30,37,19,25,36,24,34,28,33,37,27,34,34,33,56,40,36,30,39,29,42,33,49,68,38,31,43,43,39,60,60,69,94	2493308	1664,717,570,417,325,261,245,210,206,196,183,118,115,81,98,93,65,81,100,103,82,84,69,88,60,87,95,77,88,43,60,73,74,63,53,49,70,73,69,57,61,46,48,59,59,41,48,61,66,59,48,60,79,81,64,77,114,128,125	3799402
84	1046,472,313,228,192,152,163,136,128,105,95,80,96,101,70,67,76,66,64,50,40,57,31,44,57,39,40,46,35,41,34,21,40,30,25,35,45,30,51,41,57,35,41,42,29,33,41,33,51,35,40,22,42,39,43,74,56,79,84	2452638	1687,801,565,400,331,279,275,213,209,198,178,133,133,105,93,100,104,91,130,105,109,89,61,75,56,83,75,71,63,46,53,67,54,76,48,57,69,58,65,68,53,41,44,52,45,45,46,43,62,67,47,68,55,68,61,95,115,113,130	3825294
85	1007,480,294,237,204,176,164,148,122,107,87,85,81,84,50,75,67,50,48,65,51,49,32,46,42,30,36,42,34,44,31,30,45,30,31,48,30,33,33,34,49,48,31,28,21,26,32,39,33,45,34,34,48,38,40,56,69,76,84	2486179	1728,818,583,415,380,269,223,187,192,182,182,128,117,95,119,102,96,100,128,90,89,77,62,75,60,92,104,72,92,43,50,70,60,80,52,47,67,78,67,72,54,57,74,63,65,61,53,39,54,61,60,72,72,74,59,86,123,142,129	3882742
86	1128,448,301,256,207,172,188,151,148,121,97,78,81,92,76,77,81,54,57,62,57,42,49,40,45,30,42,35,29,33,35,28,40,28,38,31,25,40,31,33,50,31,33,37,38,29,53,29,45,49,38,32,55,39,29,69,57,60,87	2530885	1743,766,597,429,346,307,255,209,247,184,182,132,175,125,99,104,107,88,107,111,102,87,69,62,86,97,106,90,71,41,79,74,59,60,54,53,69,78,73,61,59,54,62,63,59,55,63,48,76,50,61,71,72,75,75,103,101,97,128	3976352
87	1031,449,293,251,204,163,182,117,125,110,94,62,88,86,80,80,111,54,62,54,56,54,35,39,36,41,38,61,33,52,39,23,32,41,50,36,40,30,36,33,45,45,44,48,38,29,39,25,38,51,39,31,30,42,27,43,57,50,73	2481848	1718,766,548,403,331,282,221,192,191,183,157,166,128,108,105,107,84,67,109,102,83,78,66,76,76,74,89,78,80,54,60,48,71,65,30,56,71,69,66,61,49,43,69,46,68,37,56,34,62,63,34,74,62,73,58,72,107,106,152	3828971
88	1029,453,284,245,158,189,200,150,160,107,80,72,96,93,70,75,86,57,61,53,55,36,52,32,42,30,34,39,25,40,31,30,44,32,34,30,32,26,45,39,38,42,26,27,36,36,38,20,40,59,29,24,43,44,30,54,66,65,92	2517460	1714,796,523,390,337,271,234,198,197,184,171,109,137,87,106,122,105,102,106,93,109,88,52,69,72,79,84,81,74,33,59,82,61,67,50,37,75,58,56,44,54,48,56,66,48,55,40,43,72,48,57,61,65,76,69,79,101,133,140	3806860
89	1093,455,283,269,188,162,176,96,136,103,88,78,92,88,73,72,90,63,78,44,46,37,34,43,40,31,33,40,29,29,36,25,44,31,36,27,28,29,30,29,49,44,33,38,27,33,31,24,37,50,37,29,43,36,40,57,48,69,75	2488338	1712,728,501,354,376,261,235,199,169,199,180,112,143,114,85,128,113,105,93,98,79,80,46,75,79,85,102,75,79,41,58,71,65,62,42,33,76,65,55,65,57,47,56,40,43,58,50,34,50,48,47,79,57,63,61,65,98,111,162	3757514
90	1082,469,311,252,204,172,172,140,150,118,103,83,101,84,65,54,73,72,70,64,56,64,40,40,35,36,35,48,37,48,36,23,46,22,37,27,44,34,36,25,33,33,38,42,32,29,36,33,48,55,39,32,48,45,40,72,63,51,72	2550569	1658,782,514,405,277,292,248,236,186,178,184,108,128,115,97,106,84,75,105,105,95,78,83,77,67,79,86,59,77,39,57,59,64,78,43,46,55,69,69,58,55,45,57,51,57,44,66,41,74,50,50,77,53,76,64,89,96,102,129	3842805
91	1094,425,299,258,204,188,151,124,126,98,91,57,107,107,84,72,78,72,60,58,52,49,48,44,56,30,38,38,19,37,49,33,39,35,29,38,46,38,58,30,61,36,27,48,29,29,40,18,47,48,35,34,47,45,40,54,69,61,93	2548073	1711,765,556,392,387,262,244,211,217,195,160,115,137,121,105,113,99,85,131,96,95,65,69,94,64,79,92,71,65,46,59,70,69,60,51,32,87,59,58,59,61,43,70,51,66,50,56,40,56,56,38,75,59,80,65,76,82,127,153	3811336
92	1072,439,301,269,213,176,177,133,155,113,106,90,114,90,61,62,71,46,81,62,59,51,43,30,48,42,30,36,21,49,38,32,41,40,22,24,35,26,37,28,48,30,33,40,25,27,46,32,35,52,24,24,51,42,36,67,60,74,84	2512835	1676,762,556,370,310,316,231,202,222,182,176,136,140,110,89,124,104,104,92,96,98,74,66,61,73,85,100,79,85,55,64,61,64,71,50,53,63,62,53,66,60,62,52,60,58,62,63,42,74,67,45,63,50,68,66,83,101,99,139	3860623
93	1114,425,309,271,204,173,160,115,167,135,98,90,103,106,69,71,82,65,43,47,50,48,57,53,43,32,42,39,31,42,40,29,31,32,40,41,41,34,34,22,53,34,42,36,43,27,42,26,40,36,33,31,45,30,29,60,47,59,70	2564027	1720,758,586,455,346,328,265,202,213,189,165,139,133,118,109,108,85,78,120,112,89,89,67,102,62,83,74,69,74,50,52,70,65,47,43,51,60,57,69,69,50,50,50,46,70,38,49,39,67,64,44,60,70,76,61,71,106,110,145	3840722
94	1035,464,296,243,203,180,186,122,134,120,93,73,92,106,67,67,67,57,67,71,44,45,45,34,49,43,35,37,32,45,36,24,53,34,29,38,41,33,51,24,41,40,31,30,36,30,34,28,47,59,28,32,36,30,34,64,48,62,77	2490134	1692,772,536,432,369,275,230,206,224,184,181,106,139,95,114,133,116,108,100,88,80,92,72,82,61,81,97,68,73,53,59,68,66,67,50,54,73,73,56,68,63,44,58,52,58,52,42,47,60,63,48,56,68,78,80,65,117,126,132	3903259
95	1045,472,287,233,192,163,168,112,131,103,92,64,85,96,86,69,90,53,68,65,53,54,39,34,52,28,28,47,36,41,27,20,32,31,35,48,41,32,42,30,52,25,41,44,41,32,28,26,37,45,38,41,51,33,49,51,51,76,79	2495564	1815,735,514,413,356,306,234,173,196,173,139,121,155,110,113,108,110,104,112,80,87,80,52,85,54,85,107,65,74,44,67,68,84,73,64,57,76,60,66,65,70,55,60,61,46,43,58,37,55,67,48,65,60,55,72,87,98,133,115	3883768
96	1118,510,318,284,191,175,171,142,131,114,91,103,97,80,62,86,75,73,65,55,49,34,28,44,55,30,31,45,34,33,30,30,33,39,40,41,33,29,44,27,35,42,42,39,31,35,34,37,46,63,30,30,48,44,33,48,48,67,93	2528593	1663,730,562,450,327,279,247,193,188,176,181,121,135,113,85,123,98,90,113,100,102,71,59,65,65,93,92,72,70,36,71,67,65,64,40,40,75,51,50,68,55,70,48,53,69,58,56,46,59,62,62,73,63,83,66,94,121,88,140	3793775
97	1036,451,294,267,190,197,175,128,123,107,92,95,92,114,60,70,79,61,64,65,45,46,32,45,55,33,39,41,23,43,40,15,57,34,28,37,25,43,51,35,44,33,35,30,36,28,39,31,33,40,35,21,51,30,39,54,53,59,79	2492229	1714,779,565,435,308,286,251,189,165,190,175,136,149,103,113,105,95,94,114,89,82,82,61,84,61,83,91,75,76,45,52,71,50,77,44,42,73,73,66,60,64,49,54,46,60,73,70,39,67,50,41,68,60,64,70,78,88,134,129	3860395
98	1009,472,324,232,190,206,172,132,144,102,96,76,96,85,76,70,68,67,59,51,53,50,47,52,41,32,37,40,30,43,34,24,37,31,47,33,35,23,30,28,43,37,26,47,43,28,36,31,45,29,24,34,40,46,32,49,68,88,84	2495522	1622,773,572,407,334,252,228,221,180,179,141,115,124,95,103,114,98,87,110,98,87,79,74,72,67,75,88,68,81,44,55,65,60,53,36,38,68,56,73,52,59,43,55,68,49,44,42,53,64,53,48,76,61,69,75,94,99,120,143	3724137
99	1096,476,313,261,201,192,172,156,140,124,103,77,105,86,58,80,97,68,69,62,55,51,59,46,51,35,39,49,33,54,27,21,36,30,43,44,47,38,43,42,30,39,42,42,36,29,44,29,33,52,25,25,34,46,41,55,48,69,82	2501967	1642,771,539,435,369,278,235,211,191,189,168,141,142,110,97,117,105,83,100,97,89,80,66,80,76,94,84,61,71,37,67,78,71,74,42,51,56,77,63,62,58,39,50,63,70,66,68,40,75,39,50,76,54,72,77,81,95,112,148	3856736
100	1136,497,321,264,201,169,166,117,129,86,85,69,85,81,61,81,81,68,52,58,49,44,42,37,56,42,47,47,21,48,41,16,27,30,35,28,33,28,50,33,42,37,45,44,36,25,49,27,41,41,27,28,45,33,41,64,63,73,93	2562384	1706,820,594,399,354,302,264,221,180,167,157,125,147,114,114,126,111,84,114,124,99,59,61,90,90,89,113,68,86,58,59,67,59,58,47,49,56,59,67,55,41,34,55,57,57,58,47,49,57,56,45,84,65,69,52,71,108,113,173	3966862
