bs_rep	neu_sfs	neu_call	sel_sfs	sel_call
0	2844,1259,832,693,547,494,405,345,342,307,256,228,229,234,193,194,196,172,147,153,141,134,118,130,124,113,118,112,107,113,103,90,110,94,102,83,99,102,101,74,114,105,92,103,84,79,111,83,93,105,93,103,123,108,107,149,154,176,246	6802910	15226,6219,4342,3096,2658,2275,1946,1723,1461,1323,1203,1085,1052,996,935,821,766,789,718,666,604,641,633,604,561,507,510,491,497,423,378,497,488,424,405,451,459,411,397,374,446,446,415,386,405,386,391,374,418,422,414,498,492,561,499,603,656,850,1102	33377196
1	2892,1223,794,701,539,523,408,346,352,298,257,212,227,243,186,190,194,167,140,137,127,133,123,134,125,102,118,75,113,108,92,90,122,96,93,75,95,97,96,70,108,104,90,99,91,74,115,68,103,112,100,103,131,96,114,143,157,160,250	6721698	15161,6146,4363,3003,2686,2245,1959,1678,1391,1346,1164,1066,1060,1030,926,794,840,785,682,651,638,650,702,647,542,512,512,486,479,460,362,456,533,427,372,465,454,386,376,388,433,411,433,334,398,380,404,355,400,441,398,543,471,504,450,593,645,866,1123	33350311
2	2813,1302,808,707,542,472,402,352,365,322,250,222,235,211,172,191,208,155,134,166,150,136,118,121,124,106,117,122,114,120,93,88,116,90,96,92,93,107,104,90,116,116,85,96,84,66,110,83,93,98,89,98,123,101,111,146,174,210,255	6806168	15308,6179,4393,3129,2660,2321,2028,1627,1535,1328,1238,1099,1104,1000,937,826,754,785,702,672,579,645,574,612,585,486,517,536,488,450,404,500,459,439,404,472,445,438,381,386,469,439,383,415,432,385,379,388,417,444,412,440,443,563,513,627,670,892,1113	33783341
3	2868,1250,819,659,569,463,438,331,342,334,241,221,239,256,195,201,195,171,154,148,141,116,118,134,136,88,118,115,97,114,110,117,110,83,96,86,117,112,123,69,117,100,80,101,101,93,111,79,95,94,87,105,114,97,94,161,156,175,247	6871618	15320,6456,4340,3053,2688,2233,1923,1747,1438,1332,1226,1075,1001,971,953,834,786,792,703,680,657,657,634,603,565,517,494,506,527,415,361,518,510,404,415,471,475,412,410,385,432,459,395,411,440,385,360,386,410,434,427,502,507,581,505,602,635,785,1149	33896765
4	2791,1196,833,685,530,447,381,363,322,277,265,203,234,231,172,186,185,167,145,174,135,136,116,120,123,103,113,127,105,99,73,82,112,103,108,82,95,106,88,83,116,107,97,119,79,71,118,95,95,85,96,111,121,123,118,132,166,176,231	6709803	15197,6322,4355,3127,2615,2296,1882,1775,1430,1305,1231,1151,1010,972,931,860,754,795,709,691,635,569,646,603,623,519,501,518,477,430,391,490,476,415,432,465,482,418,383,367,471,426,397,397,414,433,428,360,419,421,414,515,476,501,532,598,646,848,1141	33272189
5	2835,1195,815,756,596,484,395,353,381,297,275,226,212,257,181,178,190,187,133,151,160,143,117,120,115,89,111,101,99,116,95,91,136,82,124,73,88,99,113,68,107,115,93,114,85,69,92,90,89,95,94,110,134,120,105,160,138,166,255	6853446	15072,6159,4407,3125,2650,2313,1884,1702,1460,1399,1166,1097,1064,966,932,833,736,775,760,679,651,666,634,576,533,503,557,461,515,443,380,510,455,431,416,409,469,427,410,351,448,448,461,381,404,385,395,358,434,434,420,504,479,557,503,575,670,888,1080	33388682
6	2820,1226,851,663,539,460,407,357,383,313,256,195,224,240,204,187,206,176,131,147,147,137,137,124,120,114,113,101,103,100,114,79,100,103,118,86,81,96,112,57,105,112,98,84,72,67,109,93,85,105,102,101,110,98,108,156,109,173,234	6810613	15272,6299,4258,3141,2744,2266,1963,1689,1464,1279,1214,1046,1048,975,905,853,720,752,660,615,595,598,622,560,516,522,519,497,507,371,348,497,461,417,391,486,468,419,367,340,415,445,416,374,373,372,358,367,450,412,393,486,486,581,471,588,634,889,1110	33456192
7	2906,1283,798,701,520,479,399,335,370,288,241,237,204,225,192,202,200,161,141,130,131,121,103,116,142,108,125,128,111,99,125,95,111,96,122,88,108,99,96,81,135,96,84,98,90,105,107,101,77,112,99,104,114,111,100,136,186,161,249	6868438	15125,6228,4331,3021,2604,2316,1946,1696,1386,1322,1179,1110,1020,998,1004,784,765,804,747,636,620,620,672,624,552,544,527,512,530,387,401,502,499,403,388,482,465,392,446,371,485,481,359,362,375,382,376,370,402,428,370,490,525,638,487,592,620,822,1068	33275953
8	2941,1288,832,688,546,522,424,349,351,281,223,242,251,237,186,196,212,162,129,153,159,129,111,140,126,128,123,109,111,115,97,97,112,81,103,79,124,107,112,76,133,103,91,104,86,92,119,76,97,99,92,115,138,144,110,125,169,181,233	6884340	15271,6281,4334,3144,2642,2349,1930,1693,1544,1295,1144,1120,1076,1039,1012,816,775,762,715,673,618,642,640,588,534,465,540,481,453,396,384,475,502,396,391,441,461,419,424,375,471,455,400,388,396,406,404,357,422,411,395,474,493,611,474,614,630,802,1088	33175794
9	2868,1266,817,670,557,520,404,334,354,300,245,229,249,215,169,185,187,186,160,166,138,146,111,139,122,109,117,126,121,100,111,94,110,92,107,78,95,118,86,53,119,108,107,124,99,82,109,81,106,100,111,113,130,102,122,154,134,182,233	6833501	15376,6408,4322,3253,2684,2342,1955,1731,1518,1357,1212,1095,1052,1019,936,832,719,790,735,695,641,724,636,601,499,521,512,491,489,460,365,528,468,396,461,474,452,401,469,398,435,456,411,425,408,420,362,365,399,456,412,519,509,574,531,603,738,872,1209	33986329
10	2889,1226,885,700,560,480,381,354,359,313,228,206,260,234,195,183,176,164,133,153,148,147,116,149,125,99,124,130,98,120,111,94,103,98,88,98,88,115,124,84,112,95,98,108,93,98,124,79,80,102,80,102,138,120,124,161,164,167,263	6805749	15370,6157,4388,3097,2672,2291,1891,1733,1461,1335,1235,1116,1099,986,915,819,758,723,670,712,591,658,614,606,558,469,526,477,499,427,384,507,475,409,378,427,462,414,424,365,462,412,396,354,449,391,405,411,446,453,438,479,496,595,472,603,692,879,1046	33393859
11	2755,1271,882,712,545,502,395,349,341,287,244,233,246,234,182,197,198,162,140,152,145,142,100,126,133,105,125,110,91,102,100,80,116,92,115,88,104,108,93,72,117,115,82,103,89,80,122,94,95,104,98,106,134,118,94,126,176,175,250	6837697	15242,6252,4393,2972,2631,2226,1988,1787,1413,1330,1248,1168,1066,1016,846,874,744,809,751,649,660,632,647,626,573,485,530,523,523,437,385,482,484,454,430,424,445,421,396,368,458,438,451,380,348,357,385,413,428,412,415,500,481,546,517,583,665,872,1066	33624816
12	2813,1220,807,658,549,497,388,347,338,320,236,235,189,239,203,189,197,178,131,132,130,128,107,119,116,101,131,113,118,121,90,101,98,101,126,77,92,109,100,88,103,117,76,122,83,94,97,72,74,97,93,106,114,101,101,153,137,167,238	6777994	15508,6247,4478,3127,2709,2294,1894,1711,1464,1351,1216,1106,1052,992,933,891,784,840,735,645,642,667,652,632,548,507,544,471,472,432,371,499,510,433,417,457,447,403,379,383,417,467,430,390,401,406,390,389,448,397,468,502,467,571,450,583,680,813,1103	33429013
13	2887,1296,822,726,546,484,408,355,351,301,276,242,219,248,200,207,207,187,152,162,134,127,114,109,124,126,108,137,111,109,92,76,128,123,83,74,112,98,86,61,123,98,84,88,75,69,132,89,102,97,74,114,104,97,90,150,161,173,264	6795862	15306,6254,4350,3087,2650,2326,1944,1748,1490,1292,1203,1097,1067,957,942,795,722,824,716,640,573,647,563,587,567,475,528,485,517,414,364,508,495,412,410,462,448,436,398,357,476,470,397,399,364,337,417,353,405,373,421,510,487,599,477,585,629,870,1145	33276780
14	2919,1235,854,739,501,492,435,362,330,329,266,250,222,224,183,200,205,179,148,153,151,129,123,114,100,106,109,130,94,137,105,98,99,100,110,87,98,103,88,82,130,95,85,115,91,74,113,88,82,106,80,83,120,108,101,144,155,179,263	6821744	15190,6179,4310,3047,2653,2248,2022,1713,1467,1305,1286,1106,1098,965,910,827,715,755,771,693,583,670,632,599,547,528,502,478,483,417,403,457,502,414,410,429,401,391,378,364,416,440,391,413,404,388,423,407,406,443,430,489,453,549,483,602,666,866,1101	33385922
15	2835,1301,864,696,558,539,415,338,335,306,263,236,240,222,201,202,207,185,174,140,143,161,115,111,109,127,123,118,115,101,103,92,109,95,98,88,110,122,99,74,110,115,76,107,79,76,102,80,87,84,85,96,134,110,112,158,162,180,252	6842509	15289,6308,4316,3164,2670,2308,1998,1746,1459,1394,1188,1041,1044,1057,950,828,760,778,765,700,612,657,618,622,529,480,517,484,521,422,415,494,483,436,379,468,445,373,428,336,448,462,416,396,482,431,372,398,430,426,398,518,517,573,466,575,692,905,1123	33609036
16	2804,1271,781,696,514,501,419,322,329,294,250,220,245,248,183,187,192,163,148,128,140,137,115,132,112,134,120,93,116,127,99,81,113,90,93,78,97,100,114,66,110,105,96,110,85,76,123,81,95,106,102,97,132,90,115,151,146,197,248	6765330	15158,6172,4377,3055,2581,2266,1901,1689,1421,1318,1100,1054,1081,982,904,827,748,800,729,648,617,627,659,581,554,504,492,489,541,407,378,521,473,408,438,471,463,445,416,396,481,455,456,406,412,374,412,384,418,391,371,468,500,539,464,568,646,828,1147	33448801
17	2729,1185,803,654,574,501,372,353,286,298,267,235,229,232,164,182,175,169,153,165,147,118,114,135,130,97,123,108,119,122,124,101,102,83,93,71,108,95,104,76,119,98,87,99,80,83,103,85,88,103,100,104,121,98,94,148,169,180,235	6653895	15291,6225,4298,3090,2649,2245,1913,1702,1475,1318,1141,1025,1025,976,947,800,721,724,735,665,581,591,675,587,554,535,501,483,536,442,411,513,506,403,423,421,445,414,403,372,430,417,394,422,411,346,370,355,382,445,398,476,454,603,524,622,593,899,1107	32994417
18	2801,1206,794,694,532,488,411,339,348,320,251,265,220,253,211,185,186,175,131,149,141,152,107,122,126,111,108,96,110,104,96,95,123,85,99,82,92,100,101,73,98,91,88,90,70,74,110,92,90,119,92,109,117,118,106,142,147,195,230	6765351	15273,6204,4169,3025,2642,2289,1900,1794,1377,1313,1233,1113,1063,979,903,804,762,771,675,609,598,651,661,562,573,502,548,498,530,440,394,523,460,395,376,436,452,453,393,362,484,469,385,391,406,372,403,347,421,393,431,477,495,597,480,604,610,867,1046	33096439
19	2730,1268,863,688,544,484,374,328,353,318,240,244,266,238,187,189,204,160,137,170,140,140,101,134,127,112,113,106,92,101,105,90,106,100,117,98,103,112,98,70,117,97,106,110,95,79,107,92,86,91,80,101,123,97,101,139,152,183,251	6776277	15017,6214,4163,3133,2623,2310,1989,1653,1528,1300,1140,1031,1024,1038,965,823,699,807,723,675,628,626,654,622,581,537,528,454,496,425,386,513,537,442,422,476,493,381,402,354,407,441,422,390,386,414,390,381,419,419,401,462,487,573,478,611,652,877,1066	33117974
20	2829,1284,812,657,547,495,397,339,333,303,271,203,215,220,169,184,174,165,177,152,135,132,124,127,121,125,127,95,118,127,112,96,112,83,93,90,97,83,107,68,108,116,113,129,78,77,120,77,90,102,95,113,105,103,118,160,138,195,262	6783630	15244,6177,4287,2960,2644,2271,1914,1772,1486,1278,1169,1082,1093,985,913,818,775,763,761,675,595,636,586,621,546,506,510,497,468,440,376,516,460,405,382,494,447,372,381,373,474,465,433,353,395,387,402,371,392,408,415,471,516,534,487,608,647,852,1020	33302321
21	2785,1271,803,723,563,452,400,347,338,291,255,239,227,230,193,195,208,174,144,154,130,139,111,162,132,103,110,137,110,114,105,96,109,94,98,72,116,101,85,66,112,92,78,94,81,69,124,71,102,95,100,82,109,116,119,133,155,180,235	6794209	14940,6253,4379,2988,2578,2183,2037,1809,1508,1291,1217,1082,1103,951,870,820,726,794,735,649,629,651,636,598,547,481,511,476,520,439,367,499,496,428,421,449,455,412,364,375,449,428,368,369,391,373,367,368,418,423,440,517,526,607,498,562,605,745,1088	33143783
22	2803,1264,859,704,578,521,406,352,376,306,243,245,208,206,176,163,189,164,162,158,174,146,124,138,136,126,113,123,121,125,112,104,111,99,120,82,84,87,86,75,115,99,107,115,71,72,120,105,88,112,98,103,121,108,121,167,172,190,251	6809859	15284,6266,4347,3068,2587,2332,1888,1705,1447,1386,1227,1056,995,963,876,770,788,770,668,658,611,662,617,604,523,527,518,473,498,398,361,492,493,415,414,479,463,444,378,411,471,399,394,388,406,352,393,333,390,476,388,526,514,579,505,615,645,837,1104	33518600
23	2879,1282,856,646,575,529,405,333,348,304,222,224,225,264,188,210,195,189,146,140,148,128,123,137,123,114,121,105,113,114,109,111,116,94,100,83,114,114,109,67,120,99,91,85,75,104,123,83,89,115,87,99,121,106,106,144,125,174,281	6861751	15302,6121,4335,3062,2698,2274,1951,1779,1468,1268,1175,1066,1060,951,916,837,758,741,672,676,549,644,595,620,530,524,535,483,478,428,388,502,482,386,412,401,445,431,374,340,451,452,441,382,401,368,438,348,421,452,420,512,481,543,491,620,626,812,1048	33344544
24	2913,1247,887,659,521,476,440,338,332,279,259,207,253,230,177,218,202,171,131,144,141,158,115,131,129,104,115,109,96,110,112,90,104,90,98,65,102,119,97,75,119,130,89,112,71,85,111,85,82,98,89,115,117,110,86,151,150,162,245	6743775	15182,6057,4328,2962,2616,2217,1965,1752,1403,1280,1158,1078,1049,983,860,874,689,806,704,718,570,667,627,598,541,472,512,501,506,395,398,541,485,427,444,493,482,398,393,358,465,440,418,371,410,383,373,360,426,425,436,530,470,562,501,591,654,862,1106	33311024
25	2847,1287,864,698,564,484,388,330,381,308,249,223,232,252,198,202,202,167,142,143,131,126,129,126,123,117,122,133,107,111,97,78,112,99,108,88,103,102,94,71,92,115,81,133,71,90,128,83,84,104,94,110,132,107,88,151,145,197,267	6813790	15106,6109,4378,3222,2721,2360,1966,1704,1538,1331,1173,1153,1036,1022,969,836,728,778,740,670,628,691,659,626,540,459,488,520,525,441,378,471,490,408,424,458,431,443,405,328,445,438,446,388,448,420,387,419,427,440,409,535,471,530,519,626,640,820,1156	33509001
26	2815,1263,842,650,549,515,398,325,335,311,281,218,240,225,209,186,173,159,125,154,142,149,101,155,124,121,105,85,90,106,108,86,95,99,74,88,95,77,91,69,108,103,91,99,105,83,107,90,82,120,93,112,122,118,108,165,144,178,235	6761804	14997,6134,4353,2987,2663,2120,1905,1623,1387,1328,1194,1086,1134,1020,912,791,770,796,756,678,585,605,674,592,582,467,511,483,488,432,395,523,508,422,399,417,439,392,389,395,470,440,393,405,408,361,414,391,397,401,420,493,485,546,533,602,614,848,1124	33133593
27	2839,1248,820,690,498,475,391,306,336,316,278,227,252,225,193,201,211,197,146,160,135,130,101,145,136,105,128,103,98,121,105,96,106,88,115,76,97,90,120,74,115,90,86,97,76,88,92,81,105,101,87,104,134,110,97,156,144,185,275	6847694	15309,6382,4540,3120,2654,2291,2027,1736,1460,1361,1194,1053,1099,1056,972,884,798,787,679,673,591,629,643,579,507,519,518,486,519,429,376,508,503,418,401,428,501,429,416,384,475,476,416,347,400,385,392,399,426,427,384,488,547,555,483,572,654,895,1112	33721497
28	2867,1278,833,701,566,505,437,362,335,353,232,270,238,238,190,204,216,203,142,166,142,131,126,135,140,97,127,116,103,117,114,86,115,90,111,89,101,94,98,83,110,105,89,114,84,81,121,88,99,97,86,100,103,118,110,168,141,178,274	6890592	15401,6237,4343,2990,2719,2231,1917,1694,1452,1348,1168,1149,1103,1066,961,810,823,748,679,605,600,633,654,567,551,484,516,473,436,412,363,464,486,460,411,442,461,417,397,369,416,496,396,411,436,392,394,409,395,411,457,516,515,531,475,616,698,833,1112	33482720
29	2746,1219,751,674,563,483,395,322,331,292,228,244,243,228,199,205,175,167,137,143,159,154,121,124,109,130,113,117,94,123,93,77,119,88,95,86,109,111,86,55,123,101,96,83,76,76,93,72,87,107,78,88,142,94,116,164,145,198,229	6756311	15172,6142,4346,2960,2542,2211,1880,1666,1444,1332,1166,1037,996,954,936,799,737,782,691,638,534,628,586,552,543,471,523,473,483,448,388,451,457,384,426,462,425,395,400,340,483,433,374,405,396,379,368,393,407,439,397,459,489,564,497,578,643,861,1053	32908319
30	2845,1321,835,658,561,473,388,363,338,306,261,235,247,210,197,211,210,180,140,177,155,153,104,116,118,127,130,131,117,108,121,81,110,104,89,53,98,98,92,88,85,110,81,94,83,92,105,96,79,91,83,98,131,94,94,164,163,178,203	6790555	15393,6229,4303,3095,2710,2300,1939,1775,1409,1404,1196,1093,1101,1060,954,811,766,830,721,641,645,617,624,641,577,526,501,487,536,446,372,537,480,410,398,459,459,390,422,351,449,479,442,426,401,406,380,389,447,426,422,514,469,577,502,553,611,801,1079	33431767
31	2682,1299,774,713,543,474,383,349,349,293,273,236,227,233,183,158,206,195,127,147,148,129,110,128,115,105,122,122,90,100,99,85,101,102,97,84,101,95,101,68,120,96,91,102,82,68,99,81,93,95,113,85,120,109,111,124,158,179,241	6715532	15073,6251,4291,3078,2656,2237,1921,1613,1441,1326,1265,1031,1030,1010,924,860,812,784,710,705,582,604,591,603,563,501,515,474,475,402,384,482,510,436,401,494,462,406,402,379,448,444,397,408,370,393,414,372,440,424,422,486,504,485,491,631,651,809,1055	33177654
32	2811,1220,812,705,536,486,399,349,324,316,249,222,230,244,190,207,210,171,137,153,137,148,124,130,131,125,105,112,102,111,92,93,128,97,119,103,98,113,122,66,101,129,98,91,91,68,110,86,82,103,83,121,131,102,110,162,153,188,244	6811019	15183,6202,4341,3089,2715,2278,1892,1696,1463,1345,1170,1136,1000,981,953,813,800,760,731,681,573,670,637,624,580,517,506,567,507,441,393,528,542,434,410,463,477,423,459,348,428,410,408,403,425,433,391,381,414,429,389,505,522,574,504,579,653,788,1150	33297112
33	2846,1270,837,649,576,536,453,372,366,312,246,223,256,249,189,205,200,189,149,177,133,107,105,153,133,107,135,124,100,108,94,112,105,90,92,82,92,88,96,82,108,111,92,99,84,87,125,87,87,110,91,105,131,103,110,161,139,174,268	6802374	15103,6141,4384,3154,2653,2330,1977,1763,1480,1384,1247,1067,1080,966,981,828,759,769,735,686,594,674,667,599,563,504,478,533,524,418,348,492,500,422,420,507,448,374,410,371,453,422,389,415,458,369,388,373,380,416,419,474,460,552,508,610,643,891,1100	33681091
34	2829,1277,802,692,533,509,414,337,327,291,248,223,225,237,192,187,221,176,139,135,141,156,130,132,139,107,112,105,118,106,92,103,108,100,94,80,98,122,96,81,126,92,89,88,90,77,107,93,71,87,97,106,120,114,109,151,154,194,261	6803849	15571,6333,4438,3076,2676,2323,1949,1740,1474,1327,1194,1107,1104,993,911,818,780,806,736,657,594,608,666,620,582,501,503,504,478,413,379,488,466,428,418,466,493,411,434,397,434,477,403,383,403,386,424,402,440,449,370,472,511,582,502,607,646,873,1095	33597768
35	2885,1283,766,646,543,474,433,314,292,324,267,212,197,234,187,203,196,181,146,164,146,139,111,109,116,136,114,99,109,99,96,104,107,83,106,80,103,93,108,82,128,96,111,94,85,74,94,74,104,98,97,103,142,132,108,145,146,203,233	6740697	14937,6164,4288,3024,2627,2184,1907,1712,1464,1281,1207,1040,1083,937,925,811,774,789,674,677,638,580,637,614,504,494,500,453,471,389,363,473,466,394,405,401,481,365,362,359,453,412,404,394,423,385,453,377,371,446,452,469,493,533,447,555,597,836,1068	32905188
36	2811,1217,817,639,544,511,400,350,331,294,247,217,215,231,198,197,202,179,129,139,112,106,134,141,127,91,130,114,114,111,107,82,101,87,99,95,105,93,114,65,113,125,89,104,74,91,110,85,93,100,111,101,110,116,120,145,152,170,250	6725079	14739,6012,4244,2985,2601,2356,1941,1771,1469,1357,1214,1105,1017,984,941,781,788,816,747,651,617,638,706,586,566,496,514,500,523,428,427,542,499,444,418,456,462,412,403,390,441,452,433,375,422,388,405,430,410,450,438,512,457,592,555,612,651,807,1097	33239543
37	2887,1240,809,702,601,523,406,372,303,328,258,237,228,202,148,187,203,171,169,175,146,163,113,130,104,122,111,114,102,108,94,102,99,109,100,92,102,115,80,83,124,98,94,111,84,78,146,83,90,100,85,102,141,86,107,133,151,166,261	6801639	15148,6151,4545,3144,2744,2433,1894,1649,1514,1361,1225,1029,1123,1034,898,866,795,754,731,656,595,694,668,562,530,470,474,476,498,429,401,463,460,476,391,435,475,412,419,381,472,432,440,395,379,399,394,380,421,445,408,488,509,597,484,673,667,800,1194	33716083
38	2877,1239,818,677,575,477,447,337,345,311,243,226,239,241,224,214,171,187,150,155,156,128,128,135,130,91,133,120,142,132,100,90,99,100,91,81,88,104,116,79,135,122,83,101,78,72,138,89,95,98,89,96,114,87,113,160,148,170,262	6817777	15434,6278,4318,3146,2766,2284,1935,1883,1494,1301,1195,1026,1054,986,956,809,758,725,684,675,614,606,660,625,536,519,533,454,485,411,385,497,457,404,401,465,438,394,400,344,426,469,401,393,441,380,389,401,409,426,421,539,536,536,499,589,666,864,1098	33356994
39	2945,1293,766,730,517,428,361,319,332,290,278,224,244,248,202,192,190,176,154,158,141,122,117,145,133,122,115,117,122,113,98,86,115,76,106,73,76,103,94,84,113,118,79,92,78,97,133,74,91,93,88,94,117,104,106,151,186,199,282	6802551	15020,6300,4404,3285,2682,2276,1986,1748,1407,1272,1215,1126,1074,921,871,796,777,796,700,640,581,635,637,576,591,507,501,505,462,427,405,493,499,431,388,400,476,396,412,367,424,465,438,395,428,408,432,369,413,382,433,513,479,536,500,612,680,845,1061	33142887
40	2848,1281,843,657,533,497,408,362,378,332,255,206,239,215,203,195,200,200,133,172,139,139,118,139,120,127,127,93,98,103,103,83,93,109,110,103,87,110,84,70,115,105,78,95,87,87,96,81,75,103,102,92,135,115,117,137,151,186,258	6765632	15762,6254,4476,3230,2681,2366,1971,1769,1628,1323,1286,1171,1034,1009,942,820,796,778,669,713,600,620,646,627,549,487,507,458,442,419,330,450,458,423,396,450,480,370,458,373,501,496,416,391,396,414,412,401,443,427,445,503,485,618,493,600,640,866,1194	33860033
41	2849,1266,856,653,506,455,378,337,344,303,239,222,229,233,186,191,190,153,151,166,129,120,123,138,112,109,114,110,101,106,98,82,114,107,99,78,103,99,103,71,97,95,95,107,104,77,130,81,77,111,77,104,131,125,106,133,147,174,247	6821658	15386,6284,4398,3289,2665,2267,1967,1756,1470,1272,1257,1085,1018,992,1004,833,783,795,744,644,624,644,598,586,565,512,510,501,533,448,405,496,438,419,431,496,456,459,412,371,449,483,394,415,446,384,391,373,434,436,448,479,455,553,497,587,637,912,1100	33585118
42	2751,1235,856,704,565,489,379,338,331,328,283,233,237,218,184,199,187,188,150,171,129,128,129,131,137,111,113,142,105,111,102,90,106,91,95,99,105,98,110,72,115,115,81,104,86,71,102,96,96,95,114,119,115,114,110,164,149,173,217	6816508	15179,6294,4454,3203,2629,2221,1897,1749,1439,1353,1145,1042,973,916,946,876,729,773,765,633,632,655,648,570,524,561,513,480,524,443,359,465,494,437,409,465,489,429,417,407,412,433,413,379,457,384,374,361,435,386,395,495,549,600,484,633,701,864,1149	33373106
43	2860,1287,901,714,540,508,431,355,363,329,287,240,232,252,195,192,194,155,145,149,126,145,113,143,125,103,126,123,123,125,94,78,125,95,90,73,98,108,94,74,128,102,91,91,98,76,107,81,94,86,89,112,137,109,94,126,151,196,229	6825556	15280,6191,4474,3255,2610,2304,1976,1748,1442,1318,1177,1116,1016,1037,979,791,744,816,757,714,588,665,631,619,540,552,488,488,544,466,387,498,528,421,376,421,473,362,432,349,452,467,439,376,398,386,395,348,416,460,405,523,534,528,519,601,703,926,1136	33734804
44	2892,1271,814,705,511,536,404,340,344,309,250,214,239,251,171,184,186,154,120,141,129,145,122,123,141,127,126,109,114,114,104,91,129,88,109,74,111,100,126,69,122,105,100,110,70,95,121,94,90,85,72,100,127,90,117,153,138,153,253	6797886	15181,5970,4318,3108,2679,2340,1911,1662,1442,1280,1191,1079,1094,1022,959,860,704,801,663,642,569,573,635,617,535,492,498,463,505,378,359,477,465,407,395,470,449,392,419,342,498,453,421,392,371,393,399,367,431,421,430,502,484,591,530,597,716,819,1125	33144075
45	2779,1308,831,710,573,502,426,345,327,315,261,225,218,229,173,208,185,171,146,170,133,149,125,142,113,112,119,116,116,125,116,96,115,91,102,84,91,116,110,68,113,98,90,121,75,70,95,86,90,103,84,105,125,100,95,141,147,173,272	6751759	15166,6086,4290,2930,2717,2372,1977,1730,1436,1353,1228,1075,1012,949,945,793,770,801,736,717,612,630,620,605,543,536,512,501,519,417,345,540,489,481,401,442,494,401,389,364,480,444,396,385,430,372,412,374,421,401,377,522,508,585,445,629,639,818,1073	33037030
46	2780,1199,825,696,511,483,398,327,334,327,265,216,251,201,198,211,202,171,155,145,147,134,123,132,118,106,120,121,130,111,103,90,114,83,99,75,87,103,93,64,131,113,96,81,94,80,104,86,105,84,91,93,115,111,109,148,172,171,223	6734836	15084,6136,4357,3041,2622,2353,1836,1694,1439,1338,1183,1139,1086,996,929,830,740,832,693,691,643,641,632,644,571,520,520,491,515,437,401,517,481,420,432,410,430,394,351,377,428,399,413,405,418,376,408,377,387,409,393,490,503,534,522,619,640,865,1114	33181735
47	2805,1294,848,763,545,483,410,366,351,339,256,236,234,237,179,180,195,174,150,135,117,126,119,146,107,121,116,102,100,97,98,92,125,95,113,88,86,89,110,82,131,90,80,98,86,76,119,78,124,101,82,123,119,114,110,153,164,194,243	6797085	15191,6279,4367,3121,2729,2187,1899,1694,1469,1386,1210,1095,1060,969,937,876,794,781,691,699,596,646,622,658,584,539,489,481,475,414,348,466,508,419,402,467,453,398,394,377,443,418,411,366,438,410,359,386,450,457,424,510,470,494,488,574,712,861,1101	33406679
48	2893,1258,794,674,546,517,425,377,340,272,241,267,225,207,223,203,199,170,143,151,135,139,126,141,100,122,103,122,111,125,116,100,94,102,110,91,107,85,88,79,124,107,103,105,78,73,105,84,117,91,94,96,132,108,103,165,162,154,251	6851282	15392,6285,4352,3018,2540,2292,1991,1722,1472,1254,1149,1125,1112,920,882,849,735,795,726,635,610,655,572,617,512,517,554,493,505,425,409,502,522,464,436,479,444,402,371,361,429,456,404,355,395,400,404,364,451,411,439,521,493,575,511,618,629,888,1130	33606373
49	2795,1222,806,648,566,475,400,321,332,301,248,234,242,240,204,176,189,162,150,155,144,131,134,106,129,129,105,125,123,119,104,98,97,93,109,80,99,95,111,72,130,112,95,97,90,69,104,87,90,97,92,101,119,84,99,135,165,176,245	6734850	15316,6313,4246,3030,2727,2354,1922,1712,1478,1304,1171,1063,1070,976,941,826,762,749,687,658,637,616,667,592,597,510,541,464,468,398,383,468,476,423,400,434,433,420,412,340,453,456,443,388,384,376,377,341,418,444,423,523,476,589,494,644,633,847,1123	33297310
50	2795,1254,851,662,531,513,409,315,349,290,267,245,237,231,194,197,197,168,140,156,132,126,111,131,121,114,112,113,113,122,117,100,111,99,104,88,102,84,85,58,135,101,90,89,63,90,94,80,92,99,90,101,144,91,115,138,146,165,230	6763490	15402,6198,4316,3128,2602,2314,2011,1756,1438,1320,1206,1120,1044,1002,940,842,780,769,651,677,588,613,616,608,608,491,516,482,515,400,348,472,500,403,434,433,451,431,382,363,470,452,405,371,380,364,395,330,378,433,386,466,484,597,515,643,666,874,1104	33422940
51	2749,1238,841,683,546,530,375,304,327,296,241,226,218,249,206,181,216,161,147,149,131,123,130,124,101,103,118,109,101,107,97,92,101,94,116,77,89,94,109,80,132,106,98,102,70,68,113,91,106,105,70,100,124,120,123,160,132,185,223	6729707	15170,6177,4250,3144,2672,2151,1925,1771,1389,1307,1187,1062,988,984,900,878,705,808,717,688,604,680,599,592,549,503,503,485,476,440,406,480,486,366,398,444,426,375,404,339,410,402,408,331,440,423,382,402,394,412,413,484,471,573,494,632,639,840,1064	33060110
52	2816,1287,821,725,574,533,432,318,331,301,267,243,245,228,187,181,180,179,163,140,142,149,117,130,133,101,131,113,127,115,122,88,118,83,89,66,101,100,93,70,106,93,84,119,67,71,127,75,95,112,104,125,140,120,114,162,169,163,240	6841378	15364,6243,4180,3124,2574,2300,1929,1661,1495,1322,1208,1094,1005,990,985,842,803,806,725,678,629,673,658,625,535,493,484,501,430,441,364,498,507,405,398,439,445,446,415,407,467,435,406,422,402,399,406,385,419,393,402,520,484,563,511,599,606,869,1168	33449947
53	2786,1297,802,678,585,497,379,356,360,284,253,243,216,240,180,191,181,140,149,159,136,136,125,149,136,127,118,112,116,113,117,74,134,92,90,99,105,93,98,65,118,107,96,108,82,75,113,82,89,116,86,112,122,100,102,143,153,157,253	6811142	15118,6054,4435,3066,2639,2315,2014,1727,1451,1338,1183,1109,1001,941,960,846,779,821,723,663,601,615,649,572,583,491,544,515,532,465,372,465,438,396,407,460,439,369,387,379,452,480,394,365,375,376,390,381,422,422,396,491,501,555,486,632,609,840,1121	33287797
54	2884,1233,838,701,560,493,385,354,357,326,263,220,218,232,211,170,203,166,152,166,136,118,116,138,131,99,104,84,115,132,113,87,126,79,113,69,92,103,95,74,126,113,102,111,83,81,101,70,97,109,88,102,106,110,110,145,159,167,252	6833994	15101,6327,4404,3186,2698,2256,1911,1848,1429,1285,1121,1052,1007,997,944,831,767,798,704,657,625,660,645,602,619,557,474,517,460,460,374,494,464,433,395,450,447,420,413,384,481,460,412,427,421,418,374,383,440,455,417,504,470,580,474,602,685,865,1080	33555178
55	2757,1296,846,715,548,576,427,349,381,277,257,253,243,236,207,189,179,148,126,152,160,143,116,128,132,119,115,104,105,124,104,92,97,89,108,91,91,94,96,80,124,102,100,118,91,75,130,76,100,124,98,103,118,109,93,149,159,164,256	6753042	15328,6139,4437,3027,2658,2276,1882,1737,1507,1308,1165,1091,1054,1017,964,839,772,826,766,695,643,609,670,637,588,491,520,453,475,414,364,491,502,440,443,478,479,414,374,391,435,434,417,382,450,442,437,395,414,459,432,506,504,594,484,588,638,870,1166	33553128
56	2860,1306,823,741,520,477,386,327,339,283,253,241,241,253,197,193,192,160,137,173,139,130,124,122,123,120,116,100,116,103,90,106,128,103,107,91,100,87,113,80,96,113,89,96,85,71,103,95,95,90,96,102,103,99,106,159,149,188,247	6790174	15049,6362,4414,3104,2696,2227,1984,1715,1515,1246,1177,1073,1003,998,962,831,757,730,742,629,622,633,598,633,542,499,560,505,504,407,346,514,544,459,425,470,461,425,400,395,430,476,419,377,375,412,401,369,453,455,399,527,484,587,532,624,722,819,1066	33257929
57	2855,1283,788,653,498,520,423,315,353,337,237,245,200,212,209,180,194,188,153,148,134,138,121,117,116,111,110,120,96,96,109,93,103,109,84,64,93,106,89,68,120,93,98,102,95,70,93,88,102,108,108,106,121,109,99,155,166,181,265	6720544	15170,6254,4328,3099,2695,2234,1984,1652,1424,1304,1198,1081,1049,943,937,828,777,793,730,670,562,638,627,555,547,500,555,463,531,417,354,464,500,489,391,447,466,431,410,368,443,471,415,386,391,362,379,378,432,432,450,489,479,591,502,565,649,853,1094	33255216
58	2817,1185,864,685,557,512,390,355,316,286,259,246,216,220,190,192,203,159,140,128,141,130,134,138,136,115,110,110,95,97,99,86,113,86,94,83,105,97,90,71,122,120,87,101,73,81,107,72,99,112,91,104,143,106,113,145,155,180,251	6798888	14960,6345,4379,3163,2668,2317,1898,1703,1434,1350,1153,1069,1053,1061,925,766,785,807,706,610,637,668,623,602,575,508,527,471,503,422,407,498,447,426,403,439,482,408,385,360,440,413,374,409,388,404,397,349,438,431,430,494,497,534,531,603,704,906,1041	33051013
59	2918,1247,845,710,516,477,397,364,335,334,258,237,233,230,198,184,223,161,153,159,139,151,96,122,131,106,120,108,140,95,126,86,95,80,125,81,94,84,77,92,113,87,93,110,83,72,117,80,92,108,93,80,134,102,100,155,159,176,248	6794582	15484,6387,4187,3185,2663,2362,2000,1776,1445,1354,1195,1085,1088,989,982,761,763,766,754,696,602,660,660,595,530,543,509,464,467,427,380,504,474,386,408,434,489,421,415,361,400,501,421,348,424,372,372,447,462,432,420,499,480,626,502,614,621,792,1098	33407114
60	2844,1269,790,631,570,504,390,353,351,271,236,254,196,274,180,173,183,183,129,152,148,132,112,133,126,111,110,108,110,99,94,86,131,95,122,98,94,87,94,69,107,112,82,109,78,72,107,67,93,103,95,103,119,127,110,163,154,168,253	6737581	14930,6252,4333,3197,2662,2315,1940,1701,1429,1296,1288,1066,1053,942,930,815,774,769,696,680,598,659,608,584,523,525,514,482,485,360,378,490,463,430,426,485,518,413,398,365,474,427,407,358,424,388,402,355,413,395,401,511,486,565,507,588,690,875,1072	33217468
61	2892,1217,793,695,526,485,417,363,331,277,249,224,198,203,178,203,196,175,143,151,131,131,125,138,129,126,143,128,102,107,86,82,111,74,89,83,105,93,119,69,132,106,94,113,68,72,111,71,92,113,94,100,120,109,118,151,147,188,254	6842153	15225,6186,4439,3124,2612,2241,1963,1711,1438,1364,1221,1061,1042,1022,938,880,738,781,703,622,606,689,593,605,529,491,506,445,458,435,371,510,461,403,394,396,452,416,403,417,438,452,410,394,401,386,403,395,473,466,421,526,474,563,503,590,662,839,1080	33502159
62	2886,1263,811,647,540,533,399,304,354,276,249,246,242,232,190,196,184,177,134,144,156,145,125,123,113,126,110,113,118,106,106,100,97,91,111,84,79,72,95,68,99,101,103,97,76,82,85,92,85,87,88,86,126,104,111,135,126,185,239	6767134	15260,6304,4229,3117,2637,2354,1930,1701,1453,1304,1256,1072,1018,1024,923,834,785,797,758,686,613,658,669,619,573,556,536,511,473,405,377,454,468,454,401,443,437,408,422,441,432,443,444,348,398,384,398,383,390,427,395,440,495,584,540,650,632,838,1090	33423876
63	2878,1258,833,746,570,503,412,329,318,284,267,261,241,246,181,188,201,168,132,167,138,146,152,136,125,117,117,117,123,137,115,87,122,99,90,83,102,94,95,82,117,102,97,109,73,75,113,87,70,95,98,104,114,100,109,170,142,185,227	6826244	15265,6110,4357,3156,2687,2188,1937,1637,1459,1336,1189,1138,1055,988,979,870,772,778,665,671,604,635,631,600,533,511,475,496,495,413,368,497,474,380,376,409,470,373,362,364,444,448,402,398,396,368,398,375,421,422,386,482,501,591,490,628,655,856,1102	33223146
64	2808,1254,857,690,573,518,419,358,349,327,254,220,238,231,208,199,185,172,150,139,134,125,135,138,109,118,125,99,115,110,106,104,110,80,118,93,103,113,120,83,114,112,104,99,75,82,121,101,90,120,110,105,137,120,93,169,160,175,270	6845930	15239,6197,4332,3061,2524,2294,1921,1765,1452,1288,1215,1088,1068,1006,922,805,782,773,701,619,598,621,636,576,551,484,485,498,488,388,351,490,493,383,427,442,467,410,400,382,462,504,434,393,380,397,383,390,443,426,390,486,474,501,508,584,659,816,1115	33443972
65	2698,1265,786,655,556,491,391,332,337,320,271,217,227,224,187,193,215,182,132,138,131,121,120,133,112,108,133,114,105,94,96,96,84,72,115,74,98,102,89,62,126,105,76,110,100,78,95,92,96,79,93,87,121,101,109,133,158,171,220	6789482	15329,6054,4376,3149,2661,2240,1907,1665,1434,1340,1124,1016,1038,879,924,828,747,784,724,637,560,634,638,572,529,554,508,490,515,406,383,518,499,418,398,451,460,398,362,388,463,413,384,369,404,409,389,357,406,454,413,478,493,547,486,642,671,844,1134	33371442
66	2774,1244,805,690,596,533,450,330,342,300,248,216,218,243,181,171,194,188,166,172,146,126,110,128,144,117,126,136,100,117,97,91,106,95,117,79,111,99,117,78,117,99,96,98,87,83,107,85,82,101,95,105,127,111,110,166,146,184,279	6824254	14880,6218,4219,3107,2698,2305,1876,1663,1421,1233,1167,1119,1108,977,958,832,779,822,739,650,640,592,610,615,536,547,538,484,470,394,397,466,504,410,404,461,459,424,404,375,460,444,440,374,366,406,408,366,445,424,402,467,482,542,515,658,640,847,1169	33281619
67	2769,1197,786,651,528,502,394,338,351,259,243,219,215,236,176,192,189,181,130,121,150,113,113,156,118,116,123,126,123,109,115,97,107,99,104,93,99,91,114,71,101,96,89,79,77,75,106,77,86,103,86,119,113,109,120,137,157,169,249	6743382	15102,6265,4393,3125,2551,2313,1998,1637,1472,1291,1219,1103,1059,960,944,786,750,764,772,631,596,606,622,603,569,494,441,468,478,396,371,462,503,407,387,442,479,384,395,386,418,456,427,390,384,357,379,373,377,407,388,483,505,604,482,640,676,788,1090	33120234
68	2812,1297,853,657,513,513,423,316,308,308,261,237,224,244,194,198,189,171,124,149,142,124,130,131,133,109,95,116,112,117,102,79,100,80,109,92,108,86,103,63,114,105,71,117,83,81,111,82,79,106,81,100,108,98,110,153,156,190,253	6730752	14805,6178,4284,3124,2608,2330,1975,1723,1464,1393,1177,1131,1096,1090,943,806,765,812,665,661,561,633,648,563,577,585,499,496,506,429,411,552,486,420,443,462,432,448,417,377,449,461,452,372,442,403,418,405,417,406,431,525,496,551,536,602,639,889,1048	33323984
69	2853,1254,851,628,585,493,457,347,334,301,248,262,220,229,211,200,198,178,147,141,148,140,116,145,122,111,99,104,103,103,86,79,126,93,93,88,111,112,112,56,96,112,84,99,97,96,119,92,86,111,84,118,104,101,104,130,142,183,240	6804748	15425,6233,4452,3182,2668,2284,2018,1772,1479,1369,1149,1094,1079,975,908,853,793,795,700,655,619,606,636,608,593,484,487,480,470,412,312,461,462,403,422,456,466,450,395,365,411,422,406,368,376,376,426,373,380,384,430,474,446,565,501,624,678,825,1109	33295712
70	2941,1311,831,733,504,512,438,349,370,315,262,248,240,247,188,201,190,183,163,131,147,147,121,141,122,112,127,111,109,106,109,76,93,105,116,71,95,112,93,56,99,95,101,100,90,73,116,79,90,128,93,95,126,112,102,162,146,174,265	6886708	15300,6209,4340,3170,2636,2255,1906,1827,1452,1394,1289,1115,1083,958,930,808,775,722,731,675,604,667,624,581,606,540,530,502,451,421,361,480,475,436,424,427,498,427,373,389,485,407,404,351,401,368,415,309,393,441,436,507,505,563,491,609,668,857,1140	33566055
71	2909,1265,785,668,528,502,414,348,383,335,215,226,227,215,184,177,204,140,134,165,143,136,109,134,156,127,132,122,116,124,94,97,126,99,105,89,94,105,76,77,107,106,100,101,101,67,114,77,104,98,94,90,116,114,86,159,161,195,265	6788678	15202,6267,4247,3024,2574,2203,1932,1803,1418,1353,1181,1062,1067,1013,987,809,748,761,733,659,593,638,640,599,545,503,485,506,481,428,393,543,441,428,401,467,443,382,390,339,427,474,404,443,389,389,419,353,401,461,410,463,466,581,461,575,652,865,1148	33123369
72	2865,1225,764,753,572,493,408,350,350,312,284,242,244,230,180,192,187,177,146,150,120,123,130,133,127,125,127,114,94,121,98,91,104,98,89,72,90,81,97,62,100,114,98,83,85,67,114,84,102,92,117,105,126,102,89,129,142,173,229	6833946	15272,6308,4218,3100,2779,2205,1975,1811,1462,1389,1170,1008,961,1005,937,791,730,784,731,644,616,626,584,589,610,486,495,497,495,416,398,521,507,407,402,452,426,423,421,370,426,430,408,353,393,413,403,354,466,409,442,501,558,561,465,620,653,909,1089	33282472
73	2811,1258,801,734,572,490,419,367,326,322,254,214,246,242,218,227,172,174,139,179,148,143,127,144,123,100,123,103,104,103,110,83,111,96,97,82,95,112,116,64,116,98,72,97,76,70,105,78,80,115,81,86,116,102,118,130,149,175,270	6793506	15288,6203,4331,3156,2658,2330,2021,1648,1460,1294,1287,1114,1116,984,907,836,747,795,717,729,644,641,578,657,523,501,477,499,461,383,336,484,488,417,382,502,442,452,370,375,431,461,421,392,376,375,393,368,406,413,416,429,490,597,553,647,688,843,1103	33339004
74	2964,1233,808,711,573,525,431,360,331,278,258,219,245,246,198,184,191,169,130,144,143,128,123,129,119,97,115,134,104,122,104,97,110,92,117,92,110,121,81,62,112,90,99,89,67,80,106,77,81,97,96,102,134,78,117,145,160,174,239	6795709	15256,6250,4431,3036,2671,2250,1988,1564,1404,1244,1131,1129,1093,1021,948,840,734,796,687,632,605,612,657,573,571,495,518,546,530,452,409,504,476,439,396,483,469,379,399,374,430,456,422,391,391,392,416,407,444,419,393,469,455,559,510,633,643,880,1160	33337220
75	2945,1273,824,676,557,489,408,335,380,314,266,243,236,252,188,179,204,189,129,138,129,135,118,125,141,123,103,114,91,121,96,85,115,94,99,82,88,102,101,72,103,104,77,97,91,67,121,95,94,110,79,97,128,88,112,169,144,181,240	6830689	15320,6203,4324,3121,2736,2415,1968,1702,1555,1307,1125,1086,1029,965,913,868,743,757,723,607,596,611,632,600,546,475,513,483,440,420,335,485,491,395,406,463,466,406,370,385,467,498,425,373,430,402,410,357,425,410,402,482,487,566,504,593,683,831,1129	33479980
76	2756,1238,800,690,586,484,365,357,381,298,238,246,240,211,177,208,198,184,138,141,151,148,126,146,131,111,121,112,93,128,120,79,133,91,99,90,97,102,110,62,99,105,97,105,89,72,91,77,90,96,96,99,126,107,100,152,159,161,249	6757888	15317,6344,4489,3188,2689,2272,2024,1817,1473,1328,1187,1065,1028,1048,879,806,761,768,697,688,615,662,634,609,600,480,486,488,554,394,349,498,480,453,381,423,464,420,374,359,459,431,447,388,410,376,393,358,400,456,462,514,465,522,491,626,662,865,1069	33353307
77	2838,1290,820,766,533,458,451,334,354,311,262,218,231,246,202,196,216,179,132,146,146,136,115,160,116,103,118,103,98,113,109,106,116,114,99,71,102,124,120,84,116,99,94,107,91,97,109,94,113,115,91,119,115,98,117,155,142,159,246	6817763	15531,6237,4352,3096,2643,2285,1973,1753,1525,1326,1245,1125,1089,1008,1002,827,779,817,700,672,623,679,615,639,622,493,509,502,490,431,406,499,527,449,445,488,462,434,400,392,431,461,393,410,451,408,394,341,427,427,423,513,510,628,471,594,687,912,1040	33782419
78	2904,1330,796,725,581,499,414,346,319,322,232,245,214,225,226,185,189,174,139,178,127,138,127,131,152,114,124,121,81,95,98,97,109,92,98,79,98,113,114,64,120,92,103,92,100,73,86,85,101,115,98,107,115,102,90,122,148,186,247	6802125	15028,6145,4450,3010,2709,2288,1929,1724,1453,1338,1218,1094,1002,1010,967,896,792,824,668,673,570,610,629,608,546,490,508,470,459,387,381,509,514,412,416,438,509,455,373,353,429,440,398,384,411,394,398,393,479,435,368,505,494,583,607,616,670,812,1096	33160332
79	2761,1189,791,664,525,470,415,346,350,328,251,234,223,236,160,184,200,196,154,178,114,117,134,124,123,113,125,120,112,120,97,99,131,95,90,75,96,107,102,85,112,97,103,112,82,91,107,102,104,100,98,113,119,108,117,161,172,181,254	6761451	15088,6199,4568,3204,2646,2258,1879,1710,1525,1343,1212,1078,1028,1018,969,790,776,759,723,652,550,643,561,624,551,516,493,500,483,421,391,519,503,378,446,482,437,412,410,366,407,462,435,375,385,380,351,365,415,425,431,494,469,595,533,656,667,798,1108	33342481
80	2839,1223,848,677,570,469,389,334,333,287,255,215,220,244,189,202,212,164,156,157,144,144,115,123,127,119,132,107,97,113,100,96,98,70,97,95,97,118,100,80,98,113,102,109,73,87,105,80,88,106,93,106,112,95,107,162,124,170,210	6805961	15001,6197,4437,3094,2783,2268,1900,1780,1424,1307,1173,1097,1062,986,959,824,742,790,704,679,581,622,593,632,578,513,514,454,496,413,363,511,496,378,395,447,452,417,384,396,472,423,424,375,401,370,380,364,394,390,421,523,504,549,515,598,643,743,1076	33118555
81	2892,1247,856,740,545,481,429,308,340,317,272,211,242,261,205,234,210,158,167,150,150,144,106,138,128,108,123,105,91,97,106,109,109,95,102,82,86,99,106,83,105,141,81,104,99,96,119,77,80,90,85,103,116,104,109,145,153,190,253	6826234	15273,6309,4361,3204,2640,2324,1975,1667,1392,1329,1127,1085,1079,1061,967,806,710,769,738,653,593,647,642,559,568,494,532,509,511,426,402,489,477,435,406,425,442,430,384,380,455,453,472,369,420,376,419,360,368,414,422,525,490,582,461,610,657,857,1035	33370556
82	2843,1231,828,686,536,512,399,324,357,331,268,227,211,195,193,210,202,172,146,156,150,131,126,115,119,93,110,101,110,103,100,87,113,94,113,91,86,94,103,83,116,108,103,115,89,89,125,99,104,112,87,110,116,116,109,169,155,193,223	6805608	15292,6361,4397,3259,2611,2321,1989,1702,1494,1395,1169,1127,1093,994,933,862,799,797,744,669,615,660,639,590,542,534,471,528,511,465,377,485,465,402,446,469,426,401,374,378,427,428,437,370,405,402,407,338,431,387,425,484,490,515,495,614,681,811,1070	33568801
83	2854,1209,866,704,552,504,431,359,325,297,234,222,206,244,193,180,194,160,141,162,136,123,122,141,134,117,115,129,135,125,98,69,95,96,84,67,91,93,109,66,100,113,76,112,86,75,123,92,94,126,78,92,139,112,130,155,178,163,217	6783968	15223,6242,4371,3044,2670,2244,1903,1712,1455,1280,1200,1067,1026,981,907,876,783,741,724,655,604,613,617,593,584,509,500,498,500,381,394,482,479,393,429,482,463,387,412,366,438,414,425,383,442,398,421,397,416,439,427,534,507,576,504,562,655,860,1101	33343619
84	2849,1298,819,671,531,435,412,331,347,299,262,199,233,233,193,209,190,182,142,155,136,133,117,145,116,101,118,134,94,122,88,103,115,90,87,108,103,94,85,74,98,111,89,103,86,70,93,97,98,96,95,114,136,82,127,162,161,201,246	6735877	15096,6255,4356,3148,2610,2207,1913,1730,1458,1302,1217,1069,1097,988,973,837,867,802,692,654,551,624,603,582,551,513,465,491,503,428,440,503,504,401,407,418,437,426,419,370,436,404,419,409,398,385,363,358,407,445,396,496,503,600,508,579,659,862,1100	33064284
85	3015,1279,825,759,541,488,407,342,332,317,243,234,232,222,181,198,200,167,145,159,156,129,117,135,109,113,115,109,98,122,108,87,104,94,100,94,93,102,91,72,120,102,98,105,92,88,104,87,78,89,99,101,107,101,125,144,148,166,271	6881278	15500,6149,4484,3191,2666,2290,1996,1767,1476,1314,1238,1097,1099,998,921,776,790,826,747,677,593,640,626,626,548,491,539,464,545,442,388,503,447,451,424,483,481,397,365,386,475,419,399,412,396,378,404,392,397,413,413,519,496,593,518,608,631,843,1161	33883958
86	2895,1294,815,624,517,489,414,349,325,311,268,227,226,203,194,190,215,172,131,163,142,148,123,139,128,111,111,122,96,112,88,102,112,108,107,86,102,110,104,57,117,112,85,97,60,68,93,80,93,90,95,86,128,95,106,146,168,161,240	6799362	15625,6305,4326,3075,2639,2167,1908,1705,1542,1269,1271,1071,1062,963,936,861,738,759,681,687,631,642,670,568,545,533,495,510,497,399,392,527,489,431,387,440,473,393,396,375,425,471,435,377,381,386,385,405,431,433,465,525,474,563,492,613,653,867,1157	33439863
87	2955,1278,850,656,541,502,410,317,361,288,261,205,202,240,199,213,209,164,142,166,106,123,123,133,123,111,113,134,121,113,97,93,119,74,90,85,99,103,97,71,125,93,96,105,83,69,111,90,99,98,85,104,134,104,125,150,122,179,241	6755303	15327,6076,4427,3117,2668,2338,2053,1678,1438,1344,1213,1163,1030,1042,906,786,760,782,677,629,587,628,669,592,529,514,459,502,503,469,381,529,483,444,389,435,467,423,401,379,424,424,431,388,411,400,415,390,451,401,451,471,465,603,520,548,722,801,1090	33586188
88	2805,1228,821,691,515,504,410,357,341,307,219,245,214,213,168,202,215,178,132,178,145,152,124,124,126,120,121,118,108,120,89,95,107,93,98,69,97,95,89,88,107,95,96,110,82,75,136,86,78,90,101,110,142,103,97,154,166,180,240	6753200	15310,6148,4376,3121,2670,2210,1901,1700,1519,1396,1230,1104,998,986,934,794,798,806,741,729,603,653,648,549,542,493,491,503,504,443,369,511,464,469,398,419,466,397,400,383,452,450,423,383,426,377,387,369,446,439,423,475,457,507,487,585,644,831,1076	33337081
89	2969,1236,868,658,545,534,429,349,372,307,247,236,235,251,180,204,195,161,142,151,144,125,138,157,136,123,124,129,101,120,95,93,116,105,107,70,105,106,100,75,122,92,83,104,81,73,92,80,91,105,85,108,118,95,105,176,132,194,241	6853127	15407,6323,4510,3247,2699,2329,2006,1821,1506,1293,1269,1110,1042,998,934,876,760,830,733,671,602,682,636,628,566,517,513,487,499,418,361,496,510,397,425,471,493,407,387,399,465,439,409,370,383,432,337,373,420,422,406,484,501,596,503,636,664,815,1137	33558024
90	2838,1218,854,646,545,484,418,353,360,305,259,208,271,210,223,201,195,166,161,172,153,131,112,132,134,115,119,121,99,109,103,84,128,81,98,73,94,104,91,67,119,112,92,101,103,74,105,92,93,114,90,108,109,82,110,147,168,188,269	6830810	15261,6161,4351,3144,2696,2198,2051,1811,1466,1341,1147,1088,1031,986,946,813,798,811,745,646,636,651,609,605,551,497,510,502,529,449,377,514,474,416,377,429,440,415,417,357,432,448,398,380,388,375,355,328,413,417,435,494,517,559,494,646,676,828,1131	33541339
91	2798,1298,824,727,550,524,389,366,324,325,289,221,246,243,185,188,201,162,139,136,127,142,102,129,137,102,109,113,112,92,105,101,108,84,111,86,108,90,104,75,95,117,108,120,76,88,120,78,91,92,77,114,137,110,95,130,152,190,273	6813689	15277,6389,4388,3144,2605,2279,1860,1765,1501,1362,1258,1163,1110,1078,986,750,748,769,725,666,601,644,666,642,549,480,474,476,549,439,405,479,487,469,447,478,500,418,400,408,425,483,421,420,437,413,428,423,476,428,422,514,467,520,457,607,679,809,1075	33695962
92	2810,1232,873,681,582,532,444,341,340,286,260,248,233,241,183,195,177,144,161,182,158,113,148,159,134,121,132,104,96,81,101,110,105,80,100,85,105,88,102,67,137,79,109,111,96,68,148,90,103,100,93,104,142,112,97,141,170,168,239	6790441	15433,6362,4318,3183,2603,2243,2032,1721,1480,1322,1288,1080,1019,970,992,843,750,753,706,653,626,655,697,636,541,523,556,488,460,430,372,501,473,432,394,426,471,418,376,367,472,468,386,425,429,398,436,405,434,422,407,511,519,534,448,638,699,883,1130	33520695
93	2840,1237,853,674,576,518,374,398,345,314,255,222,211,228,215,205,206,169,139,151,156,138,107,141,118,94,134,109,101,114,93,95,113,111,100,86,99,101,113,83,109,103,90,99,104,86,148,75,86,114,88,92,114,121,112,145,163,176,237	6888518	15395,6259,4563,3128,2736,2339,1895,1745,1395,1372,1243,1175,1006,1009,1000,806,772,843,742,644,596,668,596,628,590,496,531,464,502,446,394,497,489,412,418,464,441,428,389,377,423,485,401,389,413,406,386,432,442,425,407,537,471,569,519,620,741,852,1126	33790983
94	2892,1244,786,693,556,502,381,337,326,306,248,193,216,254,194,183,190,177,129,158,144,124,123,105,122,120,98,116,92,98,112,85,118,80,84,76,102,92,87,80,136,116,89,91,83,75,105,86,92,113,87,109,136,116,103,142,197,173,254	6707449	14784,6154,4257,3044,2566,2375,1942,1696,1435,1284,1191,1098,1047,947,935,788,787,800,721,682,607,588,603,589,544,509,499,489,471,423,370,501,453,439,408,425,379,377,356,379,450,411,422,369,399,363,393,387,407,403,394,501,474,576,494,590,671,844,1114	33040979
95	2855,1212,839,735,580,501,393,348,380,322,262,214,234,238,174,194,166,174,130,172,140,150,128,135,118,133,113,110,89,120,80,80,116,96,111,89,112,110,104,66,103,117,85,111,94,76,106,83,93,108,90,121,125,119,127,155,161,192,266	6904629	15130,6303,4343,3041,2682,2255,1841,1766,1472,1319,1212,1068,1035,908,916,790,771,792,704,623,609,638,674,613,577,499,525,528,562,394,379,519,535,410,382,471,448,393,425,393,477,433,384,358,403,394,379,364,408,434,452,482,515,553,514,587,694,832,1162	33288504
96	2859,1286,854,684,590,525,420,360,330,310,242,242,235,220,190,205,177,163,155,168,135,146,125,113,117,104,112,93,105,111,111,86,111,96,109,79,94,107,95,81,113,106,90,113,93,82,123,78,100,104,74,92,126,98,116,150,168,149,257	6901787	15199,6329,4392,3105,2667,2291,1994,1836,1366,1315,1230,1014,1015,1031,975,794,701,711,765,701,582,664,603,583,580,506,469,441,485,419,359,475,487,433,421,466,441,412,411,400,473,454,420,366,417,373,390,371,425,414,436,502,496,558,496,646,675,879,1133	33472071
97	2863,1269,781,673,534,463,419,331,320,315,249,241,203,218,178,203,185,155,150,155,147,130,107,125,118,93,121,96,107,90,101,95,96,103,111,87,90,81,102,78,126,116,98,96,74,85,104,92,80,107,104,104,131,104,106,138,143,198,273	6724652	15287,6318,4338,3276,2657,2164,1889,1700,1366,1325,1157,1006,1012,971,843,815,755,765,646,675,579,656,619,563,552,474,498,487,517,440,341,490,450,404,389,482,453,402,359,385,435,458,446,341,379,389,389,346,397,405,420,486,496,549,518,649,695,836,1113	33233324
98	2890,1230,799,714,568,517,385,343,363,326,264,228,221,252,186,206,200,173,141,173,140,134,109,145,138,102,119,115,120,118,104,74,95,91,98,94,103,103,113,63,87,122,86,97,87,89,101,79,111,109,98,90,101,106,91,141,158,175,257	6844277	15221,6165,4244,3101,2552,2196,1959,1633,1468,1259,1197,1072,1067,984,931,821,768,823,779,676,575,672,610,583,528,550,513,478,476,440,388,479,493,451,406,445,441,409,370,397,462,474,391,357,413,382,398,364,445,435,438,506,475,546,484,603,674,843,1153	33280874
99	2715,1237,832,697,499,489,365,339,335,302,279,200,209,186,201,225,202,167,137,179,164,156,118,124,134,130,122,114,115,136,100,83,110,110,78,78,88,99,112,84,107,86,97,125,90,72,105,71,84,98,89,123,128,117,96,137,165,182,228	6787695	15087,6171,4440,3091,2702,2288,1905,1675,1394,1279,1131,1083,1078,950,925,818,751,800,696,671,630,599,673,636,585,495,493,495,491,398,353,513,459,405,377,433,452,419,394,370,434,429,414,416,377,372,394,360,435,435,436,544,450,543,505,593,686,891,1046	33194403
100	2827,1254,818,709,543,479,375,358,343,323,266,224,242,225,219,173,196,193,128,153,144,129,127,128,123,115,112,110,87,99,94,128,115,89,95,86,105,104,104,77,104,116,83,82,90,82,102,87,93,114,84,117,120,93,105,132,149,173,278	6797021	15206,6095,4393,3096,2749,2370,1921,1774,1475,1281,1261,1052,1049,971,872,874,816,808,731,651,671,615,692,604,590,514,516,475,505,441,385,517,482,385,407,472,464,421,380,365,471,413,440,404,365,359,375,359,417,446,449,485,435,578,506,610,654,823,1178	33468761
