bs_rep	neu_sfs	neu_call	sel_sfs	sel_call
0	414,176,114,90,61,64,64,46,45,42,29,26,31,36,28,26,37,20,28,18,18,19,11,17,19,12,14,25,16,20,14,10,14,5,16,19,17,10,9,8,14,11,12,12,14,11,15,10,11,19,13,17,17,11,15,21,23,30,36	894959	331,135,101,75,63,53,42,24,29,36,29,23,19,23,18,20,16,18,28,16,15,12,12,9,7,13,5,10,15,8,10,11,10,15,10,11,6,9,6,6,10,8,11,8,7,10,6,6,11,11,3,17,6,9,10,6,8,14,21	684324
1	452,177,119,94,61,67,69,53,40,47,26,25,28,38,30,22,43,21,24,24,24,17,11,21,20,9,11,19,13,21,12,15,14,6,14,18,9,10,8,7,11,12,8,9,17,8,21,10,7,12,18,18,8,9,15,26,25,21,25	883920	279,105,108,77,75,50,33,19,30,32,29,28,18,24,23,16,10,19,35,20,16,17,14,9,9,13,6,9,9,8,6,9,15,8,10,16,2,9,5,8,14,8,8,6,5,8,4,13,12,16,1,15,8,9,8,11,4,21,17	675906
2	392,188,104,86,65,52,62,48,49,50,20,25,39,30,25,26,35,18,33,23,23,13,16,15,21,9,20,30,10,15,17,10,13,6,15,24,28,16,13,5,16,8,13,6,19,8,16,9,11,7,9,15,13,12,14,30,23,40,36	912135	303,147,99,74,55,47,47,18,25,38,37,30,24,21,13,27,13,12,21,16,16,10,19,12,5,11,5,9,14,13,7,10,8,14,9,9,10,9,9,6,11,8,13,8,10,11,4,6,8,9,8,21,5,7,9,5,9,16,19	683693
3	405,187,110,100,58,52,55,43,39,48,33,23,29,35,28,26,32,18,24,23,17,14,9,19,15,18,13,26,15,11,14,9,15,9,15,23,18,14,10,11,12,11,11,12,10,11,16,9,8,29,17,17,19,16,14,16,23,33,31	890812	356,112,93,82,54,61,52,28,32,19,28,26,19,21,17,20,15,19,36,21,18,15,10,12,4,15,9,12,17,7,14,15,9,13,14,17,9,13,3,5,9,14,4,9,9,14,6,8,5,11,2,14,7,9,16,4,5,6,18	688126
4	474,175,123,99,61,67,63,43,42,41,31,25,43,36,26,31,42,29,36,14,16,23,14,22,20,16,21,27,15,16,13,7,17,7,11,28,17,12,14,8,12,10,8,15,12,17,9,8,14,18,18,18,18,11,16,24,30,47,37	914769	350,136,94,62,67,55,33,31,32,44,26,19,15,19,12,21,15,21,28,15,12,10,9,6,10,10,7,11,12,10,8,7,9,15,12,9,9,16,13,6,8,8,7,2,7,13,3,8,10,12,1,14,6,6,14,4,6,8,17	683249
5	448,174,118,101,72,63,68,46,52,42,26,28,33,30,26,32,40,26,23,15,15,20,9,17,22,8,18,23,11,16,16,12,9,5,15,10,19,6,10,7,19,12,12,17,13,6,18,11,11,25,16,16,19,9,18,28,24,29,42	923824	361,126,114,101,65,53,48,34,42,39,34,28,18,34,18,25,11,16,22,13,9,9,7,8,4,13,2,13,13,12,11,12,11,28,6,6,8,10,4,7,8,8,11,4,5,12,7,7,12,12,3,18,4,5,15,12,9,10,28	719499
6	396,177,111,90,72,61,72,42,53,52,21,34,30,39,33,24,45,19,28,12,16,22,10,11,17,13,17,26,14,22,10,9,16,4,20,21,24,9,8,6,20,9,14,10,17,10,11,9,7,21,10,17,18,15,8,18,20,24,41	899119	311,137,87,59,54,44,40,25,32,40,30,22,18,13,23,24,13,20,47,25,18,16,8,5,4,13,8,13,21,11,12,8,9,15,9,16,8,16,3,9,10,8,7,9,4,13,4,4,7,10,4,9,6,9,7,4,6,23,21	683946
7	411,177,123,97,66,65,77,53,45,38,26,28,33,39,33,27,44,16,37,18,20,19,12,13,22,7,12,19,13,17,14,11,17,8,16,17,19,8,9,5,14,25,19,13,22,14,13,13,11,13,18,23,20,10,20,15,18,28,30	879491	307,99,94,66,66,50,47,20,28,37,38,25,19,14,15,16,16,20,25,22,15,14,12,6,7,12,7,12,14,6,7,6,8,15,8,9,5,10,4,3,8,4,8,8,7,17,5,10,9,19,2,13,5,10,10,3,4,20,17	660249
8	420,187,125,103,65,60,68,48,48,30,20,28,23,29,23,17,25,20,24,18,24,20,9,20,21,11,12,16,11,18,10,8,10,5,20,22,13,7,7,9,20,11,12,8,14,11,20,7,8,25,15,20,15,9,16,23,20,24,37	881869	304,132,97,68,52,50,34,28,25,35,27,23,19,29,18,18,9,17,28,21,15,15,12,6,13,7,3,4,16,7,11,4,6,12,8,16,7,6,8,6,11,9,7,5,8,7,6,3,15,12,4,13,4,10,14,9,9,17,22	676457
9	429,162,105,99,54,65,67,41,35,29,30,28,33,42,31,36,43,20,29,25,20,24,15,16,17,14,10,15,11,20,13,13,11,8,9,24,17,9,6,7,13,15,9,12,12,5,13,9,7,23,16,20,15,10,11,19,29,26,29	887100	330,143,87,68,59,52,54,30,27,37,27,24,14,21,24,24,10,17,39,9,17,6,13,1,3,14,1,8,15,11,4,14,9,13,12,10,8,4,2,9,10,7,8,11,9,12,2,9,11,10,0,21,5,9,10,7,8,12,17	695550
10	398,193,123,98,69,56,68,39,54,44,30,26,33,44,28,25,37,22,38,13,16,26,14,15,20,9,13,32,20,20,13,8,15,6,16,20,22,11,12,9,13,15,12,17,17,7,20,8,11,15,13,21,17,9,11,17,20,33,42	937559	333,120,87,65,64,58,45,31,18,35,37,29,18,24,23,13,14,23,25,12,24,11,10,7,6,12,7,9,15,7,11,10,9,20,10,14,4,13,8,6,7,5,16,5,8,12,9,6,10,8,5,20,10,9,9,3,7,13,26	688510
11	440,189,115,96,62,65,59,51,39,33,32,29,30,25,23,22,36,27,22,22,16,22,9,20,20,11,14,23,17,19,15,11,6,3,21,20,22,11,14,4,17,10,10,13,17,9,13,16,13,19,15,16,17,7,18,24,25,29,36	878333	322,120,113,68,65,40,48,14,27,39,20,30,22,20,18,20,17,23,32,21,17,6,10,8,6,11,3,12,15,10,8,11,9,15,14,15,10,9,14,8,6,12,12,9,8,9,6,6,8,9,2,16,6,3,5,8,10,17,23	667581
12	427,157,108,102,62,61,73,62,41,48,29,24,35,24,26,34,39,14,36,29,24,12,11,14,11,10,10,32,14,23,14,10,17,4,20,18,13,13,8,9,4,10,9,8,12,9,24,8,10,20,15,17,18,6,12,38,20,39,37	923078	323,135,107,80,67,47,36,18,33,34,27,23,20,24,19,12,14,15,33,14,19,13,12,8,6,12,7,8,13,6,8,8,7,12,12,11,5,7,6,5,7,9,8,10,6,11,3,4,9,14,6,17,7,6,7,4,6,12,14	687514
13	436,193,118,74,56,61,62,64,47,41,24,27,34,33,19,31,37,19,29,23,11,17,13,17,21,13,18,25,7,18,9,9,21,3,16,16,17,18,7,10,10,13,20,12,15,15,28,13,10,24,13,20,21,8,21,24,27,41,36	892887	307,144,79,72,56,46,42,24,31,33,27,25,14,22,17,28,16,14,26,10,22,17,9,11,6,13,6,15,19,10,15,5,5,11,8,15,9,12,7,6,9,12,4,5,4,6,3,8,16,10,1,16,7,2,10,4,6,7,12	684891
14	415,198,116,100,68,78,75,53,35,32,28,26,48,43,25,34,45,29,35,19,21,24,9,17,23,13,13,27,15,18,10,9,11,3,10,20,27,10,12,10,21,10,20,12,18,9,9,12,21,33,17,17,20,18,14,21,24,40,38	930939	334,124,100,64,67,57,52,32,37,30,38,25,16,31,17,17,13,16,23,16,15,17,13,16,10,17,4,6,19,10,12,13,12,11,11,10,5,11,8,8,7,7,12,12,7,13,5,5,13,12,4,22,7,8,14,7,9,12,19	688776
15	412,146,123,80,67,78,64,43,37,38,31,28,32,49,34,30,38,16,24,12,8,15,15,19,16,14,9,25,12,21,15,11,15,6,12,21,18,10,5,8,16,18,11,9,15,12,16,10,14,19,17,11,23,7,13,15,27,23,32	898740	359,127,108,81,62,44,31,16,33,33,23,26,18,20,12,14,16,10,14,13,13,12,16,7,9,20,8,14,13,8,7,12,11,19,14,4,12,9,11,10,9,10,8,9,8,7,7,6,18,10,6,17,7,10,11,8,7,20,16	674348
16	429,154,117,110,66,67,68,50,44,48,23,31,35,29,26,32,48,20,29,15,15,16,11,19,12,13,13,20,19,18,15,9,9,5,19,21,15,9,5,8,23,10,11,10,13,13,14,9,5,16,9,16,15,12,12,21,26,29,48	897347	328,130,97,82,65,73,48,23,29,34,32,29,18,25,13,17,20,11,30,27,16,10,10,14,9,29,7,7,19,9,9,11,6,20,14,7,8,13,6,8,14,12,6,7,6,10,8,5,14,11,3,18,2,10,9,6,2,9,19	681323
17	390,187,88,88,66,53,67,44,48,27,24,29,27,43,32,20,39,14,31,18,20,12,9,12,14,6,10,31,13,13,18,11,13,5,18,18,18,12,12,9,19,12,13,8,12,10,18,6,15,25,9,21,12,13,18,21,29,37,37	839636	353,125,102,65,61,76,51,30,33,40,30,21,16,12,21,19,16,14,18,9,12,16,17,9,9,11,4,8,20,11,14,11,9,18,4,6,7,15,5,4,15,6,9,7,7,11,4,3,10,10,2,20,4,12,10,8,4,13,30	669441
18	429,181,106,93,52,65,87,39,44,36,14,34,38,36,25,29,39,18,27,13,19,18,15,10,27,13,10,26,15,16,14,15,12,4,9,20,21,9,5,7,11,6,17,9,20,11,6,7,13,14,11,13,21,8,12,19,22,35,37	875432	324,156,99,72,64,56,28,19,37,38,25,23,21,26,20,19,20,25,21,23,20,9,15,15,3,6,6,9,17,7,15,14,12,10,8,9,9,15,2,7,10,15,13,7,4,10,8,6,7,5,4,24,6,10,10,5,4,18,24	688437
19	401,174,83,74,60,69,60,53,48,42,21,19,33,31,22,21,30,12,21,16,8,18,5,20,15,9,9,18,15,14,12,16,15,7,20,13,16,15,4,11,12,10,23,13,15,13,14,15,11,20,18,12,12,12,14,22,37,32,41	858404	329,131,102,62,60,51,47,28,30,32,30,25,20,23,21,32,22,20,33,13,6,15,14,6,6,17,5,8,15,10,14,13,8,10,8,15,6,8,9,5,11,12,5,4,6,9,10,4,19,10,2,16,3,6,13,4,8,12,30	674734
20	406,195,115,102,53,47,64,60,49,48,29,23,40,43,21,23,31,11,39,20,19,20,4,11,18,6,10,32,22,24,16,16,13,5,19,14,25,7,7,9,16,11,13,14,16,12,11,10,18,22,11,20,16,8,17,24,22,27,36	911505	344,133,86,82,82,53,43,26,14,39,32,15,20,29,17,23,18,20,25,12,12,17,11,10,2,15,6,8,14,8,14,14,12,15,10,11,3,11,8,5,7,6,14,7,8,13,7,7,9,8,4,14,4,9,8,7,9,11,21	678438
21	380,158,103,82,63,66,54,56,31,43,26,30,28,36,20,23,36,17,27,17,16,22,7,20,15,13,9,20,18,12,13,12,10,6,14,28,15,11,8,4,16,8,10,10,10,9,17,13,8,18,11,12,21,12,18,32,18,32,22	852204	347,136,108,76,56,43,30,24,27,28,27,22,15,26,13,14,15,18,25,20,12,8,15,5,7,7,7,9,11,6,10,16,9,12,11,12,9,7,6,2,13,9,7,9,8,12,2,10,17,16,1,23,8,11,7,8,8,13,25	684076
22	425,187,111,78,61,57,68,42,40,43,24,21,28,32,30,15,34,26,33,19,23,21,11,25,12,8,11,22,17,19,11,8,10,5,14,17,19,13,14,12,13,10,7,13,12,9,17,14,8,18,11,15,12,9,16,17,19,29,42	858463	308,146,120,63,57,50,49,19,29,39,27,24,24,27,19,22,17,13,34,22,18,16,9,5,6,12,6,10,13,3,7,10,11,14,5,14,7,11,4,7,7,11,8,6,11,7,2,4,15,11,2,13,3,11,8,11,15,10,19	681550
23	446,175,91,96,72,73,70,34,48,39,35,28,29,41,28,25,40,17,22,15,20,17,12,17,16,10,12,12,11,28,12,12,8,3,17,18,12,6,7,15,9,15,13,12,15,15,14,9,16,14,13,15,14,13,9,19,20,30,34	875068	315,132,97,64,61,50,40,26,22,37,22,30,24,15,20,20,19,19,23,13,12,12,15,7,8,9,7,6,15,12,12,3,11,11,8,10,8,9,4,8,5,10,8,8,5,7,4,4,12,12,3,20,2,7,8,4,9,14,20	678768
24	448,198,125,93,62,60,54,33,50,51,32,33,33,37,44,30,43,19,32,16,25,17,11,18,24,10,13,22,14,21,13,11,17,9,21,19,16,14,4,9,14,9,11,15,13,11,11,14,13,20,12,18,12,16,13,19,37,33,38	913473	361,135,107,86,68,63,35,27,32,41,26,20,18,27,22,14,10,17,32,12,14,13,15,10,7,14,2,10,15,7,9,11,9,18,9,9,6,8,5,3,10,2,9,12,8,12,8,5,15,10,1,25,3,5,12,8,9,14,27	691013
25	401,170,114,92,65,47,61,42,44,46,22,32,24,27,25,21,37,10,20,13,6,21,8,19,18,5,16,25,12,24,17,15,6,3,16,17,13,7,9,11,14,8,11,13,10,7,14,9,13,16,12,18,19,10,16,18,21,25,29	884024	333,119,90,70,59,52,44,17,32,46,31,9,12,31,20,27,13,20,19,14,15,12,7,7,4,10,8,16,10,12,4,9,12,17,12,17,5,7,2,8,8,12,11,10,8,4,4,2,8,10,6,15,5,9,14,3,5,11,25	703506
26	435,180,131,87,57,61,68,50,43,37,46,24,27,40,31,29,29,24,33,16,19,23,9,18,23,14,14,14,16,22,18,11,11,6,18,16,14,10,8,7,10,12,9,15,12,16,12,14,13,20,14,15,24,19,21,22,27,32,36	904517	338,124,109,87,66,57,38,23,22,42,30,31,17,23,18,16,9,22,26,14,17,13,11,12,5,12,6,13,9,7,8,8,5,12,6,8,10,17,4,5,8,8,8,7,10,7,8,7,9,11,1,19,5,3,7,3,6,15,28	681053
27	413,182,105,83,60,66,72,58,36,33,30,24,31,31,19,21,35,19,22,18,14,17,8,23,23,14,13,32,16,22,10,10,20,5,21,20,19,5,13,5,27,10,13,14,16,10,13,12,10,22,11,10,10,9,16,26,20,26,36	895995	304,128,78,79,74,55,47,23,21,33,29,18,24,23,11,16,22,18,36,24,13,12,9,14,6,20,4,11,17,8,7,12,5,22,15,10,6,12,7,5,11,16,12,7,7,10,4,3,11,13,1,16,4,10,12,8,6,18,10	666328
28	431,201,102,87,58,55,63,35,49,44,32,27,35,31,22,22,30,24,26,14,20,18,8,22,19,8,19,30,19,21,12,4,14,7,11,14,18,5,11,5,14,11,16,9,12,14,10,12,18,12,16,12,17,10,19,9,23,37,49	880579	325,129,107,83,67,64,41,22,23,31,35,21,20,28,21,18,19,23,33,13,12,12,12,5,6,21,2,14,14,5,13,13,12,14,15,12,6,8,5,1,6,5,9,7,7,9,5,5,12,10,5,18,7,11,6,7,5,12,28	694530
29	427,189,98,105,58,76,62,47,40,47,33,21,41,34,34,34,38,26,34,13,22,23,13,13,22,12,12,31,28,20,18,8,11,7,21,27,14,14,9,8,13,8,12,14,14,13,16,12,16,25,13,20,20,13,12,23,17,45,32	907706	336,129,109,49,71,52,44,33,26,51,24,31,22,24,16,17,9,12,26,23,20,13,8,6,7,13,7,9,15,12,9,10,9,11,7,14,5,12,8,6,9,11,8,6,4,9,7,5,11,17,4,16,6,9,17,6,7,9,16	670265
30	374,170,103,83,64,50,54,34,50,33,38,18,28,32,27,26,35,15,27,22,21,18,8,20,30,11,14,38,15,16,7,12,13,2,12,11,19,9,12,5,15,14,10,17,11,13,15,15,13,26,13,17,17,10,9,21,20,31,36	875437	329,138,97,68,69,44,43,29,26,32,32,16,19,20,23,17,22,19,26,22,21,4,19,9,5,14,8,4,12,7,17,7,11,19,13,7,10,8,3,7,6,10,14,6,6,7,4,8,11,19,4,17,1,9,11,7,11,12,18	658105
31	394,187,117,85,63,66,62,39,32,47,39,20,28,25,22,23,40,24,24,16,18,22,8,15,23,15,18,28,16,24,10,9,15,8,11,18,16,12,13,5,11,10,10,9,13,10,16,10,12,24,8,11,18,8,11,21,25,34,56	906121	331,154,107,89,62,57,39,27,24,39,38,16,24,25,15,26,24,16,32,23,12,9,16,12,5,20,2,8,11,15,6,9,11,10,5,13,7,13,10,8,8,7,10,7,8,3,7,5,12,10,3,23,9,7,8,3,9,12,19	695624
32	414,177,118,91,60,76,75,59,41,33,39,29,35,26,26,25,34,23,29,27,13,23,15,17,20,10,8,22,20,19,10,14,16,4,13,20,18,13,7,7,10,12,18,8,11,5,18,6,10,24,15,20,15,8,13,19,30,25,43	876494	320,130,104,65,69,55,40,23,34,39,46,21,20,21,15,16,14,14,28,17,13,9,9,7,11,9,6,6,21,5,10,8,15,20,8,15,8,12,11,5,6,7,3,9,8,12,8,4,18,3,2,11,3,13,9,5,14,18,28	673377
33	481,181,116,84,63,67,66,58,48,45,25,27,22,41,38,24,49,17,25,9,11,19,9,22,23,14,17,21,11,21,15,9,17,6,12,16,15,14,9,4,16,8,13,7,13,14,10,10,9,18,13,17,18,7,17,17,17,30,44	920325	317,151,111,63,63,50,41,22,28,36,36,24,25,22,22,22,22,15,20,14,19,23,3,4,7,14,9,13,8,8,12,10,6,14,9,15,4,10,7,4,13,8,10,10,13,9,5,5,12,14,2,19,3,12,13,1,7,10,26	701504
34	422,214,102,80,70,71,81,51,40,44,34,27,30,40,28,23,47,23,25,20,18,13,6,15,9,18,14,22,14,19,18,11,13,3,18,15,17,13,7,12,12,17,13,11,10,11,22,5,10,18,11,10,14,9,19,18,33,25,35	887895	337,127,109,66,53,47,57,23,27,49,27,23,20,25,16,19,17,16,24,18,16,10,17,12,8,18,3,8,18,8,12,9,11,15,8,7,4,8,3,9,7,9,5,7,7,11,5,6,13,7,1,15,6,8,8,6,12,13,28	681235
35	417,170,129,100,64,71,67,38,43,38,24,20,45,39,21,31,33,23,46,20,15,29,13,20,18,7,14,16,25,15,18,10,16,6,11,17,17,7,13,12,16,10,10,11,13,11,12,14,12,33,21,22,20,15,14,26,32,33,39	927492	343,122,104,83,57,57,37,22,34,40,27,14,18,27,16,29,19,24,28,5,8,8,8,7,6,14,3,14,11,18,8,12,9,14,10,14,4,5,4,4,7,4,14,14,8,7,6,3,8,15,4,22,5,7,7,3,4,18,28	687632
36	399,165,108,82,78,57,63,38,42,42,28,30,31,49,24,29,37,18,36,15,18,15,8,10,20,7,17,22,16,18,14,14,12,5,22,14,13,17,16,14,15,8,11,11,16,14,25,13,12,17,13,11,13,8,13,33,22,39,47	884048	300,124,91,85,66,49,42,26,28,45,35,31,20,41,18,26,16,20,27,14,18,14,2,6,7,20,8,13,21,6,12,11,9,14,7,9,7,7,6,4,12,5,15,9,6,11,3,4,6,12,4,10,7,10,19,8,9,11,21	673955
37	430,173,113,97,71,83,70,37,51,44,32,31,30,36,32,27,41,25,29,14,13,23,9,21,15,20,15,25,12,14,13,7,15,7,17,18,15,9,8,6,14,11,10,14,16,12,12,11,7,17,15,17,19,12,14,26,25,25,31	880006	342,136,102,69,63,48,43,20,19,32,26,21,19,24,12,23,26,14,31,10,15,18,12,5,5,13,5,16,17,8,9,11,11,11,11,18,4,11,5,6,10,11,9,13,6,12,6,6,8,6,3,20,4,9,13,6,11,13,15	709181
38	402,187,103,79,51,68,71,36,52,42,28,17,37,40,28,19,21,15,28,11,20,27,8,15,11,13,6,24,22,13,13,18,12,7,12,23,15,6,6,2,16,7,17,13,10,15,9,12,10,26,13,12,11,8,18,24,17,25,42	862656	309,119,108,59,60,63,41,30,27,42,24,30,25,26,10,18,20,13,26,18,11,10,9,7,3,15,3,16,13,6,13,12,8,19,13,14,6,10,4,3,10,10,14,10,4,8,10,9,8,7,2,13,4,8,12,4,5,12,21	670835
39	401,179,139,71,64,59,78,47,40,51,29,25,23,36,29,29,44,22,31,16,20,16,12,20,20,16,13,20,16,19,13,8,12,3,12,19,18,16,11,7,13,7,11,9,16,4,14,15,10,19,15,9,16,11,20,28,26,26,36	903229	325,117,91,71,51,54,52,26,35,40,36,30,24,24,14,27,21,17,33,20,11,11,7,7,4,12,5,8,12,8,12,10,9,18,7,10,3,10,5,8,18,13,14,7,8,8,6,7,13,11,3,28,9,7,12,8,9,16,23	685211
40	390,176,115,88,58,70,64,49,36,56,23,30,33,31,37,37,39,21,29,14,20,25,14,14,20,11,13,18,12,13,14,17,15,6,15,22,19,11,12,7,13,10,7,8,21,10,24,9,11,20,11,16,15,11,14,22,28,33,28	881860	316,123,101,75,61,47,42,28,29,35,19,21,15,26,14,22,26,17,28,15,14,11,8,15,3,13,7,15,14,8,12,12,7,16,8,13,3,8,0,3,11,7,12,13,14,5,8,3,10,15,6,15,2,10,7,4,10,12,18	676063
41	418,176,117,88,63,61,63,53,48,44,26,26,32,43,35,35,47,21,28,15,18,21,16,23,10,11,20,21,15,20,11,11,13,8,16,18,21,12,10,7,8,10,13,15,15,10,9,13,9,10,12,22,17,15,9,15,18,27,34	906502	352,150,104,65,68,54,39,26,30,43,31,30,15,22,11,14,13,16,28,12,16,10,8,17,7,18,4,11,8,4,8,11,10,29,11,16,8,14,3,6,10,8,10,6,10,9,8,6,8,17,3,9,3,8,7,4,17,22,22	686305
42	403,195,113,96,58,65,75,56,53,34,21,22,32,40,27,26,33,15,30,21,18,15,12,11,28,13,6,25,14,13,14,6,15,8,14,13,23,15,11,4,16,13,15,10,12,4,20,8,7,16,11,9,12,11,15,27,37,22,39	891745	329,152,107,61,66,42,46,21,29,39,30,25,24,16,19,22,22,21,27,19,10,14,15,11,10,10,9,7,8,9,8,13,8,15,16,6,10,6,5,4,10,13,11,11,5,11,5,5,15,11,5,15,7,6,10,7,12,15,16	687094
43	373,179,114,71,64,49,58,53,53,29,32,32,31,35,27,31,32,20,22,8,14,9,12,17,24,13,14,35,24,28,15,12,14,7,17,12,23,12,6,11,11,10,13,13,13,10,8,8,10,14,9,20,13,9,14,22,27,22,36	893306	351,133,107,83,54,57,41,18,33,41,27,22,14,22,22,13,25,13,33,16,16,9,15,15,4,15,6,9,24,14,12,12,10,14,8,19,5,6,3,6,11,3,5,7,6,9,7,6,8,15,3,11,4,6,15,3,10,11,27	706955
44	449,184,106,77,51,53,64,55,44,53,36,29,35,36,24,34,44,20,28,19,14,18,12,16,17,12,14,31,17,23,11,12,15,6,30,23,19,6,5,9,24,10,20,18,13,9,17,13,16,24,11,14,14,13,11,22,39,29,46	899309	336,146,87,73,47,65,60,27,27,42,31,36,26,25,19,26,18,19,23,13,14,12,13,4,8,16,9,9,16,13,5,13,11,22,14,10,8,6,7,11,11,10,10,14,6,13,7,14,9,8,4,26,2,10,7,6,11,9,25	707254
45	420,215,124,99,58,64,62,48,54,41,23,20,23,36,29,25,42,16,30,24,24,20,8,22,23,8,8,19,17,18,16,9,11,5,17,16,20,15,8,5,10,9,16,15,14,19,7,10,12,21,14,18,15,9,26,12,22,37,43	896168	358,116,95,82,56,51,36,27,34,27,24,33,22,20,26,14,15,23,24,11,14,16,12,10,11,16,2,14,21,11,11,9,16,18,10,9,7,14,9,7,11,9,12,10,2,15,6,3,12,14,4,17,1,5,18,5,5,10,14	678837
46	402,179,121,93,66,64,62,33,40,45,26,22,39,39,30,23,45,28,37,15,15,20,11,12,18,13,13,22,14,17,21,14,19,4,14,25,22,10,9,12,17,9,8,11,20,11,12,9,13,14,13,15,13,8,16,18,27,36,45	905420	347,149,85,67,65,53,43,26,29,30,18,24,24,30,14,22,12,19,29,16,16,19,9,16,9,22,4,15,24,8,8,8,12,24,19,9,8,11,4,5,15,8,7,12,5,8,14,3,10,14,6,18,8,6,9,5,5,15,27	676225
47	448,185,124,93,63,60,75,36,61,44,19,32,27,47,26,25,43,17,32,20,16,17,10,12,22,17,11,21,22,15,11,6,11,7,15,21,23,12,6,4,13,10,15,7,10,9,17,7,12,22,12,17,15,6,14,25,26,23,43	902179	347,146,96,74,64,46,34,28,27,28,22,14,14,17,19,29,17,28,30,22,14,13,11,7,6,11,5,8,16,9,9,14,13,17,14,15,6,6,5,5,12,6,12,10,7,8,6,5,7,5,3,16,2,10,11,4,8,17,22	682230
48	411,156,110,76,63,81,70,42,40,36,19,24,28,34,17,30,44,23,34,19,11,16,17,14,18,5,9,30,11,17,17,11,21,4,17,16,20,9,10,9,17,19,14,6,13,11,19,7,9,19,7,9,16,9,11,15,22,34,29	882577	334,158,104,88,61,55,47,20,28,27,37,15,9,24,10,20,18,20,27,15,20,13,18,9,5,15,4,15,18,7,15,5,8,4,15,6,4,6,5,11,6,7,12,8,9,10,5,7,8,13,5,17,6,9,7,9,7,6,37	692716
49	394,183,103,81,58,68,60,48,40,32,34,21,37,32,25,25,31,27,33,17,23,17,9,10,13,10,11,20,14,20,7,3,15,3,16,16,10,16,9,18,9,9,15,18,7,9,13,7,14,14,18,16,16,4,13,28,26,28,37	862185	348,115,97,71,53,52,42,11,24,36,28,25,20,24,21,27,13,20,29,18,11,11,11,8,6,18,5,8,12,6,9,10,11,20,10,7,0,8,10,8,16,11,9,4,4,17,9,4,6,9,7,7,3,6,11,8,9,13,20	678263
50	431,185,121,99,67,57,65,43,51,59,34,31,36,40,29,31,40,18,32,16,15,19,12,30,19,13,24,21,17,17,13,8,18,5,17,26,16,8,10,8,14,15,11,16,9,8,10,10,13,18,19,17,24,7,11,17,15,18,37	946965	316,136,102,77,60,50,48,24,25,35,29,27,16,34,14,20,22,13,24,18,10,11,12,8,10,17,4,17,17,12,11,9,11,15,11,10,5,6,5,6,10,7,13,10,13,7,6,11,13,8,0,13,6,7,9,3,8,20,28	699700
51	393,188,118,75,56,55,63,37,42,40,44,29,30,48,44,26,41,24,30,19,22,20,7,12,25,17,8,18,18,25,9,17,11,5,15,17,16,10,8,11,19,6,9,20,19,13,6,8,10,19,13,22,17,13,14,29,24,23,30	920369	321,133,92,77,80,60,43,22,35,38,28,16,27,16,26,16,13,20,22,17,13,13,14,10,3,18,4,7,11,9,10,16,15,13,3,7,5,8,5,7,11,5,17,5,11,13,6,5,7,9,2,22,6,13,10,12,6,9,21	670552
52	438,176,101,98,58,55,67,40,42,46,30,23,28,35,31,22,43,26,25,17,19,22,13,20,18,11,10,18,15,17,10,17,20,6,11,19,15,3,13,6,16,8,13,13,21,11,13,15,16,19,14,23,19,8,11,18,19,36,38	882373	345,169,98,69,61,57,32,19,20,32,22,12,15,14,19,23,22,19,23,19,11,16,12,11,11,15,4,4,16,8,18,15,9,16,10,6,2,5,4,3,11,10,13,6,5,10,8,7,10,8,2,14,5,9,10,10,6,4,29	663011
53	407,179,115,89,56,76,69,42,42,43,20,38,29,27,38,27,57,12,19,18,20,16,13,12,23,13,16,25,15,15,15,8,24,5,9,13,16,16,6,10,7,9,15,15,10,14,12,5,12,21,9,18,12,9,18,23,19,28,29	880919	325,144,110,79,54,43,44,32,30,40,31,22,15,23,13,26,13,19,22,15,17,14,15,15,6,14,3,8,17,7,10,7,10,14,11,10,12,6,4,4,7,5,9,3,2,10,14,5,11,13,5,15,7,6,16,5,10,20,18	685534
54	417,162,129,89,56,61,71,44,48,37,29,31,46,48,33,31,34,23,28,14,11,17,13,29,17,11,19,24,20,26,15,5,11,8,19,21,17,10,17,3,16,12,15,14,17,15,20,5,9,21,8,25,11,11,16,23,22,27,41	876603	321,126,88,69,55,45,44,18,18,36,27,20,20,20,19,22,21,16,33,14,9,14,12,8,1,8,7,7,12,9,9,10,10,21,11,9,7,6,7,5,14,4,14,11,2,9,7,5,12,8,5,18,7,6,16,9,5,15,19	669271
55	395,155,144,108,51,67,56,34,47,59,24,23,34,35,29,29,42,13,30,21,12,13,10,14,20,13,11,19,12,19,10,9,12,3,22,21,21,13,3,6,8,12,14,11,12,9,14,11,8,17,11,17,20,8,21,19,34,23,39	905669	344,144,106,77,80,57,34,22,39,32,24,23,15,24,13,24,14,26,37,29,15,15,4,8,7,16,11,11,17,9,8,15,12,19,12,6,5,11,6,11,13,14,10,8,7,14,4,7,5,13,6,14,6,6,15,4,7,20,22	700899
56	420,171,112,87,73,72,88,41,58,44,26,14,24,33,23,24,46,18,37,16,14,24,8,17,25,18,16,31,18,25,15,11,18,5,14,17,25,14,12,9,13,8,15,10,16,9,12,6,11,16,8,21,22,12,12,14,29,24,33	927572	316,132,107,89,59,55,48,17,30,44,30,23,19,14,16,30,16,14,26,21,15,13,12,3,8,10,3,8,10,5,8,14,12,19,4,10,4,2,6,6,6,8,7,13,11,10,4,6,11,6,2,14,4,11,10,7,10,11,15	688950
57	388,141,109,108,55,66,57,54,37,47,35,29,35,39,20,20,46,21,25,17,16,12,5,20,19,21,12,23,10,20,14,8,16,2,20,13,14,7,12,6,15,7,11,20,19,6,13,6,15,20,18,22,20,10,12,25,11,29,39	899336	325,138,104,58,70,56,51,18,20,36,27,13,19,30,17,18,14,17,32,17,9,17,10,8,5,11,5,11,15,7,16,10,6,16,7,12,6,13,9,7,6,9,11,7,11,14,5,4,12,9,3,16,4,5,4,2,6,6,18	673658
58	402,144,108,100,60,68,68,46,51,54,24,28,30,32,22,27,44,11,32,15,14,26,11,19,15,11,13,18,21,26,9,6,7,11,18,15,18,14,7,11,13,12,11,7,11,9,18,10,9,19,13,14,13,10,15,23,27,24,42	890613	298,114,105,93,60,52,46,28,37,36,32,17,25,14,20,14,14,21,34,15,18,9,15,12,8,14,1,9,16,10,10,21,19,12,3,8,6,13,7,8,6,9,15,7,4,15,5,2,4,15,4,12,7,9,10,3,9,15,24	689903
59	396,185,113,71,55,73,52,45,53,30,26,28,30,38,24,24,36,18,30,14,16,25,13,15,10,25,18,27,12,26,17,10,19,2,16,17,15,9,7,8,15,13,14,7,13,9,15,5,9,20,12,16,21,8,14,18,18,34,38	889174	294,151,101,74,75,42,46,26,35,44,32,20,23,25,24,18,15,22,31,12,19,13,20,10,10,12,8,8,15,7,13,11,4,14,12,13,6,10,13,4,9,8,14,2,3,7,3,5,14,12,2,6,2,11,16,3,6,22,23	666803
60	439,180,115,94,53,55,58,53,41,43,42,27,39,34,31,26,47,30,26,21,22,31,14,23,20,16,16,20,29,13,16,8,14,6,15,24,13,14,7,9,11,13,12,9,21,8,18,6,6,17,11,17,14,4,15,32,24,33,26	924227	344,119,107,55,63,41,46,30,29,41,26,21,15,22,15,16,13,21,24,15,16,17,10,7,4,9,4,12,20,8,6,8,5,26,7,9,4,13,9,7,14,8,8,5,5,5,7,6,10,7,4,19,8,8,8,2,9,19,17	671150
61	389,196,140,84,62,61,58,53,57,40,30,26,30,40,29,25,26,16,31,22,14,27,19,18,15,14,7,19,17,19,16,10,20,5,20,22,12,13,2,8,16,5,13,12,15,8,16,10,11,20,11,23,17,9,10,23,33,34,28	901480	325,131,96,79,53,54,31,28,28,27,21,20,13,12,10,15,10,23,21,17,19,15,17,6,3,13,1,9,13,5,16,4,5,19,15,19,7,11,11,8,8,9,7,8,7,6,6,5,12,7,2,11,7,4,9,3,4,16,29	671586
62	448,203,110,96,60,73,65,47,48,46,33,19,36,38,30,28,50,25,28,19,19,18,12,22,26,20,15,29,22,16,14,10,18,2,17,18,14,13,9,5,12,5,13,19,12,16,13,7,7,29,13,14,14,6,17,17,19,27,35	928455	331,151,107,82,68,59,39,23,42,38,34,19,17,26,18,13,10,22,14,14,17,16,9,9,10,18,4,11,19,13,5,13,11,17,9,16,6,9,8,5,8,8,7,5,5,9,8,9,21,8,1,34,3,11,7,5,7,18,33	699104
63	404,187,142,96,66,61,63,41,45,47,24,23,30,28,29,22,43,33,28,18,13,24,14,23,24,16,20,24,14,18,12,17,13,6,13,17,16,14,10,8,15,8,12,16,13,9,8,11,9,23,12,20,15,15,14,23,29,18,35	913556	358,121,99,80,64,54,42,25,29,43,35,24,19,22,20,20,10,18,29,10,14,13,10,10,14,16,5,9,15,9,10,15,9,20,15,6,3,6,4,7,7,7,9,8,11,12,6,3,14,12,6,13,4,9,10,7,9,14,21	689912
64	364,166,126,84,60,54,56,38,47,36,32,22,29,39,20,33,39,21,24,23,8,17,13,17,28,9,9,17,12,20,12,10,9,4,11,29,21,16,13,8,10,12,9,11,10,8,19,10,11,21,14,16,13,12,14,32,19,34,36	855475	319,114,89,68,54,50,35,16,30,36,38,22,25,21,17,21,17,23,27,19,10,16,12,7,3,17,7,9,10,8,9,8,5,19,13,8,9,7,4,5,9,3,14,11,9,9,8,6,10,6,4,13,4,8,8,8,9,9,21	663134
65	418,162,95,95,53,68,65,40,32,40,38,28,27,39,24,25,40,22,23,20,13,19,7,14,21,11,9,25,16,19,10,12,14,3,16,18,19,18,7,3,14,8,15,11,13,12,15,14,6,12,14,22,20,13,17,21,28,24,44	873300	325,129,110,83,72,57,45,22,29,38,34,24,25,18,15,21,19,17,23,18,17,11,14,11,14,10,2,4,13,7,17,14,12,8,15,12,4,5,3,7,12,14,12,9,3,8,6,2,11,10,5,4,3,7,12,6,6,19,18	693637
66	443,168,116,83,54,58,61,51,47,37,29,35,20,33,30,25,31,13,14,23,18,16,10,22,16,11,10,15,11,21,13,7,13,5,18,12,19,9,8,9,8,9,12,13,13,9,12,7,16,19,18,17,20,7,16,14,14,34,42	864272	327,143,100,86,62,47,42,28,16,48,34,39,18,31,20,13,11,13,28,17,13,10,11,9,6,15,10,10,18,8,7,13,11,17,6,11,10,6,3,6,12,6,8,6,3,7,7,2,13,6,1,23,3,12,9,4,10,13,35	677207
67	449,187,139,77,63,76,59,56,52,35,34,26,42,29,33,21,31,17,33,13,17,10,12,14,14,11,9,29,16,21,16,15,13,8,16,20,16,8,10,10,14,9,14,13,13,15,17,15,16,20,13,12,9,8,22,17,24,28,31	922724	347,150,99,67,77,55,38,10,34,36,32,20,16,23,24,27,21,22,25,23,13,8,6,7,7,10,6,9,14,5,6,13,13,18,13,6,11,6,4,8,8,12,12,18,8,16,7,8,10,15,4,19,6,11,12,7,11,15,24	695248
68	405,166,124,86,49,59,68,38,41,41,30,24,24,46,30,30,31,15,30,16,18,18,14,18,13,11,7,20,15,25,19,8,22,6,21,18,18,7,12,5,14,11,16,9,12,14,14,9,10,21,12,14,22,6,17,11,38,28,36	873360	304,144,95,81,58,62,51,25,25,43,22,23,14,20,20,19,20,14,26,10,13,12,14,11,7,16,5,23,12,9,13,11,13,17,13,9,9,10,3,6,14,3,14,12,8,12,9,4,10,13,2,16,7,13,3,6,4,15,26	667500
69	419,176,110,111,69,72,51,49,49,39,39,24,26,36,30,22,35,20,14,18,16,21,9,19,17,12,13,21,13,24,11,6,15,9,22,17,16,5,5,9,8,10,11,8,11,11,15,11,12,13,8,16,20,12,9,15,24,32,22	876695	343,154,95,82,63,46,51,18,29,33,24,14,13,16,7,17,12,18,29,15,16,12,15,12,5,11,1,6,17,10,9,14,9,13,5,12,4,10,3,10,9,14,8,11,7,8,6,4,15,11,3,16,8,14,9,7,5,20,19	686805
70	416,163,124,78,72,73,76,41,61,44,27,30,29,40,30,21,36,15,28,24,17,21,12,19,17,15,16,26,13,23,19,14,16,2,16,26,28,8,7,8,17,11,15,11,14,12,15,8,7,18,12,25,21,9,17,12,24,23,32	924479	330,148,114,50,61,54,38,21,42,33,34,12,20,17,24,28,22,21,24,15,18,17,15,7,5,14,5,3,13,7,14,8,20,18,11,10,4,14,7,10,10,15,17,10,8,10,4,10,16,8,5,24,9,8,16,3,9,5,19	683052
71	436,160,114,77,49,75,75,45,42,30,17,28,37,29,22,28,42,19,26,16,27,21,12,6,27,7,15,37,15,20,13,11,18,4,11,11,15,8,10,7,19,14,16,10,15,18,16,8,8,18,18,24,11,11,17,26,27,35,36	899756	320,142,118,83,53,69,39,21,30,28,28,20,25,19,20,16,16,26,24,14,21,21,10,10,13,15,8,10,21,8,10,11,11,17,18,14,7,12,8,10,8,8,17,5,5,8,9,4,10,17,2,14,5,8,13,3,8,7,21	684463
72	444,186,127,74,64,75,73,45,48,44,28,23,29,36,23,27,42,32,23,32,22,20,9,14,16,17,11,30,24,23,9,19,11,1,7,20,20,13,10,13,26,12,10,13,16,12,17,13,20,24,11,16,15,15,14,24,16,37,45	906684	350,137,100,62,73,61,35,38,29,40,24,27,24,30,18,23,17,21,27,28,21,10,9,13,12,14,6,3,17,10,14,16,14,17,12,7,6,9,8,4,17,8,13,9,8,7,12,9,11,12,3,15,6,11,9,6,10,11,26	692019
73	366,176,119,86,56,58,54,46,44,35,30,20,22,34,29,18,37,18,19,20,20,19,13,20,15,12,12,21,18,18,17,9,10,5,21,24,11,8,12,10,10,10,13,8,11,8,15,11,7,20,14,15,7,13,14,29,20,27,31	894867	318,139,85,71,52,52,40,20,36,47,26,29,18,23,11,21,10,10,33,13,18,12,10,11,11,16,4,9,17,5,8,8,7,16,9,4,3,11,7,2,5,13,9,3,3,6,10,7,11,13,1,19,1,6,12,2,7,15,18	685176
74	438,175,132,89,66,60,65,41,36,62,26,35,36,45,21,30,50,20,24,18,21,18,12,23,17,15,12,29,16,19,13,1,13,7,11,20,21,13,11,9,9,8,9,12,15,5,15,13,17,20,9,22,11,13,15,19,20,25,35	922237	353,140,92,65,76,60,45,19,24,33,31,22,21,25,15,21,19,20,29,19,10,15,11,11,4,16,4,6,11,16,9,9,11,10,8,14,1,10,6,18,13,11,16,10,12,11,6,6,13,6,4,12,8,7,10,3,4,14,17	699546
75	437,182,109,86,64,50,64,41,51,50,22,31,32,37,35,21,42,22,27,23,9,16,14,16,21,14,10,21,18,29,13,11,10,3,11,35,21,10,11,12,18,12,12,14,17,10,13,11,12,24,18,13,19,10,12,13,23,30,37	899472	332,143,83,75,52,37,40,27,27,18,27,29,29,22,13,15,13,17,32,27,14,14,9,10,3,13,5,10,15,7,12,12,9,20,12,9,7,8,3,7,10,6,14,9,6,12,5,4,13,10,2,19,4,14,4,6,7,10,14	689385
76	394,179,88,73,68,70,59,38,47,30,29,20,43,28,31,29,36,17,27,15,13,17,15,11,21,6,10,23,24,16,12,13,11,5,15,22,14,12,5,5,11,9,12,9,13,10,15,11,18,17,16,20,17,12,15,14,19,33,39	868671	305,124,111,69,64,59,52,27,31,32,25,31,18,25,13,22,20,21,25,17,9,8,12,9,4,13,5,6,22,9,10,6,16,11,10,18,11,2,6,6,7,8,7,7,9,15,7,1,7,16,3,21,7,6,14,9,9,19,15	667835
77	422,176,122,104,67,72,69,45,43,40,26,28,32,38,24,28,30,21,32,25,15,14,8,19,21,7,15,25,21,23,15,12,12,6,23,14,13,5,4,8,14,15,15,9,11,13,21,19,4,21,7,10,26,11,16,24,21,16,40	896655	310,130,107,61,75,55,52,20,34,29,26,29,19,22,15,19,11,14,20,12,11,14,13,9,7,14,3,6,20,12,10,10,8,11,16,12,6,11,6,6,8,8,12,8,9,11,9,6,14,11,3,20,6,9,14,4,3,17,32	697528
78	405,172,119,90,62,60,72,47,50,38,22,25,34,36,30,24,40,17,29,9,19,23,16,19,22,12,23,29,14,29,15,11,10,3,14,23,21,10,8,3,14,14,20,14,14,9,11,10,13,19,14,18,18,14,13,32,32,27,36	896850	320,131,109,84,58,61,47,20,37,38,26,25,24,26,19,25,19,20,24,12,11,13,13,6,7,11,6,16,18,4,13,5,7,17,7,6,8,13,2,4,5,6,15,7,10,14,3,9,11,10,2,10,5,9,16,8,10,11,11	683035
79	417,158,125,90,62,46,73,35,46,36,32,27,36,40,31,23,35,22,27,13,15,22,7,9,24,13,16,24,18,28,23,10,12,5,17,18,16,5,13,11,15,14,12,16,14,13,16,5,10,20,11,21,15,5,22,21,24,30,36	902578	336,131,114,63,52,47,47,21,27,27,26,16,16,32,17,19,15,20,27,18,22,13,9,8,5,9,2,8,21,4,11,14,9,16,5,12,6,8,4,7,13,8,9,7,6,8,6,10,15,7,2,15,6,5,6,6,6,12,15	687071
80	351,163,103,86,83,63,68,52,40,27,17,29,36,34,27,28,31,28,27,20,15,24,5,10,15,11,9,14,14,17,7,10,15,5,18,17,16,12,12,7,7,12,12,13,15,16,12,8,14,17,9,16,19,9,18,22,27,39,38	837324	370,142,107,73,74,55,47,21,27,20,30,20,22,27,21,25,15,21,24,25,19,22,12,9,5,15,7,7,20,8,10,11,8,14,10,10,8,6,5,5,12,7,14,8,7,14,5,2,7,14,4,14,6,8,17,6,9,15,22	686963
81	398,191,111,102,54,55,71,50,50,41,33,33,30,37,20,34,42,16,24,22,16,21,8,18,19,14,15,27,16,24,12,13,21,3,16,18,20,8,8,7,18,12,16,16,21,18,14,11,12,11,11,20,15,5,18,26,20,31,47	913101	364,170,79,64,77,61,43,29,20,35,25,22,23,26,18,21,16,11,28,11,17,19,16,6,7,13,7,11,12,8,10,9,10,19,11,9,3,10,6,9,10,8,9,7,6,12,3,5,12,15,2,20,6,3,15,3,7,11,15	697923
82	435,180,114,97,55,58,55,45,47,47,31,17,22,37,31,24,45,21,33,16,15,26,8,16,25,9,14,23,19,22,14,10,11,3,17,17,16,6,10,7,15,13,13,10,15,10,12,7,11,18,9,13,19,12,23,20,27,29,36	931100	321,123,86,76,60,58,42,13,32,37,35,24,22,24,12,11,16,16,27,14,10,9,6,9,10,11,7,2,9,8,14,8,6,6,9,9,5,9,7,5,10,6,12,4,5,6,9,2,10,4,4,14,9,7,13,6,3,15,19	683995
83	394,178,106,96,63,60,61,50,37,40,30,25,34,38,35,21,32,13,27,27,23,21,14,20,17,7,11,25,15,31,13,11,16,5,16,21,12,14,11,16,17,11,11,11,13,14,14,6,9,21,9,18,20,12,11,18,25,29,34	889530	305,134,101,73,44,46,41,29,33,38,29,26,13,30,10,18,14,23,26,21,18,8,15,12,2,13,8,10,16,9,9,9,8,13,7,13,8,13,6,12,16,7,14,6,5,5,5,3,9,7,3,14,3,7,10,5,5,13,20	671644
84	402,165,120,95,66,66,59,43,38,35,30,23,37,38,22,18,26,15,26,15,20,19,11,13,20,8,12,22,13,26,11,13,19,10,16,16,13,6,5,9,15,12,13,14,7,8,12,11,7,18,21,16,15,12,10,24,25,33,37	881058	327,135,93,90,67,42,37,28,36,37,33,22,16,23,10,28,14,17,30,16,17,16,18,9,9,15,13,8,13,6,4,14,10,15,3,18,2,5,11,5,13,14,10,10,9,17,3,5,8,5,6,15,1,8,14,3,8,17,11	663828
85	425,173,118,88,59,63,64,49,40,33,21,29,24,41,25,26,45,23,21,27,19,20,8,16,24,15,9,16,16,27,9,10,18,5,16,19,21,8,9,9,8,8,13,7,15,11,12,13,6,14,8,13,23,15,15,31,25,21,42	887095	356,111,89,77,66,56,39,34,28,31,34,27,22,16,18,18,18,21,37,25,14,15,12,4,4,14,5,12,13,10,10,11,6,21,8,9,11,5,7,7,11,8,18,7,10,11,7,4,7,9,4,19,7,5,9,9,4,8,22	699061
86	435,181,104,79,64,69,51,49,43,34,29,25,27,36,27,34,32,23,27,19,20,21,15,13,19,16,13,25,12,20,21,10,16,1,16,17,9,11,14,9,15,10,12,13,15,12,11,5,12,20,10,22,19,11,13,29,28,36,24	891395	327,143,104,68,62,62,45,21,32,16,35,26,15,12,20,23,10,21,28,16,16,13,13,3,12,9,5,7,15,11,7,14,15,10,10,5,5,5,9,5,19,4,15,7,6,10,5,11,10,11,2,21,7,8,5,4,10,20,18	702325
87	426,161,116,76,64,53,54,49,43,48,34,32,26,33,32,22,32,26,24,19,14,22,6,19,15,9,13,25,11,21,18,9,14,6,13,21,13,9,10,8,14,6,17,11,11,19,14,7,10,17,13,17,9,12,13,19,23,25,32	899574	315,154,96,80,70,59,50,26,26,30,33,20,9,23,23,18,9,17,26,22,15,12,17,7,6,13,5,16,27,13,13,13,11,13,3,6,4,9,4,5,9,5,9,7,5,7,7,3,15,6,3,17,5,8,9,4,4,12,24	686649
88	429,187,120,101,71,60,60,62,48,47,32,39,38,29,24,24,47,29,29,17,14,21,8,12,19,10,13,18,17,22,10,16,11,9,20,24,14,9,13,9,18,12,15,14,17,12,16,9,14,16,25,20,21,11,15,23,25,23,33	916846	308,137,96,75,58,60,44,32,26,37,30,18,18,21,14,24,16,16,11,21,14,14,19,10,10,12,6,11,18,13,7,3,9,13,9,7,5,5,7,8,11,6,12,8,6,9,5,7,8,17,2,11,5,9,10,5,8,15,22	676436
89	444,166,103,86,63,66,51,45,55,43,32,31,28,35,26,25,37,25,23,15,10,18,10,15,21,9,16,30,14,12,9,4,11,4,19,23,18,6,6,4,9,7,10,16,11,8,16,9,13,21,14,17,17,12,15,32,26,39,43	893929	379,142,113,76,60,54,39,26,28,40,31,26,20,17,13,20,13,10,27,23,19,17,9,12,7,9,5,11,23,12,13,6,5,13,11,18,7,8,2,3,15,4,10,12,2,9,7,8,12,11,1,11,5,12,5,5,6,6,23	696044
90	369,196,126,101,74,72,74,59,35,36,24,23,47,34,26,27,35,22,34,22,33,15,8,13,22,7,14,24,15,17,15,6,14,8,18,18,17,12,15,13,12,11,13,18,17,16,12,10,11,13,9,24,23,11,23,27,18,31,41	874528	338,129,99,77,85,51,35,14,41,26,19,25,25,14,23,14,18,25,24,18,13,9,17,7,6,10,2,20,18,4,9,13,11,15,8,11,9,11,3,3,13,8,11,15,8,10,3,8,13,6,0,19,13,4,8,7,9,12,30	693026
91	402,147,109,97,69,65,69,54,41,43,27,42,40,26,24,27,36,21,26,18,18,15,15,16,28,11,17,23,16,19,16,12,10,9,14,31,19,8,11,6,13,9,8,11,14,14,17,12,14,20,11,19,20,16,10,32,20,30,35	898072	334,129,91,63,46,50,21,26,24,37,33,23,22,10,18,22,14,18,33,16,15,12,9,8,5,9,4,9,18,9,13,11,9,19,16,16,11,13,7,11,12,11,10,4,5,10,6,4,12,10,5,16,8,11,13,5,10,7,29	669826
92	386,160,118,89,57,60,49,52,45,37,28,22,30,36,23,23,30,18,21,18,19,10,10,18,17,10,12,20,15,19,14,10,8,7,18,16,10,7,13,7,18,13,12,20,16,13,20,11,9,11,8,13,17,16,16,16,26,25,31	885395	359,153,103,63,55,49,47,17,23,46,25,20,21,10,22,21,20,14,22,20,16,14,12,9,6,12,6,12,21,9,3,15,5,10,8,18,4,7,2,3,13,6,10,16,8,7,8,12,11,6,4,20,7,6,12,4,7,12,20	696009
93	444,165,131,104,71,43,59,59,43,39,22,16,31,43,30,23,40,22,30,20,16,13,11,13,18,13,18,25,14,22,21,11,15,6,17,22,20,9,12,11,5,13,11,13,14,10,15,7,16,33,9,13,10,8,14,24,25,20,36	934626	304,134,108,55,58,49,51,24,35,31,31,15,13,25,22,18,16,12,26,16,12,18,12,11,8,18,5,6,16,7,10,15,6,19,7,5,7,7,5,12,12,5,19,10,7,7,7,7,8,8,6,16,8,5,14,4,8,5,27	694488
94	414,181,108,91,59,51,67,40,40,36,29,19,33,39,32,22,29,20,26,19,18,23,6,19,26,10,15,22,14,23,20,14,19,7,17,21,17,7,10,8,12,10,11,12,19,10,13,11,6,16,11,13,24,9,18,14,17,31,46	867653	324,147,113,73,77,60,36,24,32,37,22,18,21,24,19,15,11,18,28,24,12,10,10,6,7,5,4,16,13,7,5,12,14,6,10,9,5,13,10,3,6,8,11,10,5,5,7,2,11,8,2,12,6,10,3,11,9,13,28	687186
95	398,148,117,98,73,61,77,45,40,50,27,21,26,41,23,36,54,16,31,15,21,24,15,17,25,11,22,28,9,18,16,11,19,4,19,25,23,10,7,8,8,8,11,8,19,10,18,6,12,13,10,15,20,11,13,18,25,18,41	902697	324,133,122,61,71,60,37,27,22,45,24,27,8,16,20,26,18,24,21,12,10,14,11,6,4,8,2,12,19,10,14,9,6,14,10,12,9,11,8,8,8,11,8,9,6,10,5,9,7,8,3,18,7,7,11,9,9,6,15	663662
96	425,173,116,95,62,69,84,47,42,40,33,17,34,38,25,30,27,23,32,19,16,19,15,22,23,15,21,28,19,14,14,7,20,8,19,24,26,12,17,3,18,12,14,6,8,9,18,12,9,22,8,20,17,8,14,34,36,28,32	911872	325,143,97,85,77,57,36,18,35,28,28,33,23,23,14,22,21,14,29,15,11,10,18,12,10,14,3,12,16,12,8,5,19,14,16,13,7,10,4,10,13,6,8,12,2,8,7,9,16,12,3,17,10,7,7,8,6,17,19	685804
97	454,190,105,98,58,70,64,66,53,40,36,26,35,41,29,31,41,21,23,18,19,19,9,20,16,10,13,24,18,32,15,6,14,6,21,25,12,9,8,5,20,7,14,20,19,16,17,7,12,26,21,18,21,18,5,23,28,35,35	917231	315,134,100,66,65,51,39,19,29,25,25,25,26,33,16,26,22,23,28,20,17,9,7,13,0,14,8,6,17,15,6,7,19,19,7,16,5,14,5,8,12,6,17,7,7,12,7,5,21,13,3,24,10,8,10,5,5,14,18	676456
98	408,178,110,91,67,74,71,48,50,29,34,22,26,31,24,18,32,15,26,19,19,25,9,12,22,16,6,29,16,16,14,14,20,5,18,16,18,5,10,9,24,13,13,12,12,9,13,14,14,22,17,13,12,7,19,17,26,33,42	884717	334,116,107,86,65,52,40,18,23,33,34,27,22,14,11,20,10,12,26,20,14,17,12,7,12,10,7,10,18,9,11,15,7,16,13,17,11,6,4,6,14,8,12,10,5,13,7,3,9,13,4,13,5,9,11,7,7,10,27	689452
99	400,174,111,71,65,57,77,44,44,39,24,21,26,33,30,22,29,16,29,9,17,23,6,22,18,13,15,21,18,16,7,6,23,3,15,17,19,12,6,8,13,5,10,10,15,5,14,5,12,19,4,27,11,8,16,16,22,42,23	868806	324,119,89,59,78,51,48,18,30,34,27,29,18,19,21,17,14,21,19,13,12,10,11,7,4,14,2,11,20,6,15,7,14,13,8,12,3,8,7,7,12,10,16,12,10,10,6,4,6,10,2,11,8,10,9,9,13,16,19	689035
100	415,170,99,95,49,48,72,47,47,43,24,25,32,36,33,31,42,18,18,21,14,23,7,20,25,12,13,23,17,25,14,12,11,6,17,18,17,11,5,19,12,11,15,16,17,15,14,12,10,8,14,11,22,11,13,16,20,32,38	879490	331,128,96,74,75,58,44,20,31,41,26,18,23,9,18,19,15,15,32,11,22,9,14,11,8,14,2,10,17,10,10,14,12,7,6,11,8,10,8,7,13,10,12,6,6,12,5,9,11,22,2,27,5,10,8,11,10,13,32	677230
