bs_rep	neu_sfs	neu_call	sel_sfs	sel_call
0	1762,729,498,399,283,310,257,203,196,183,150,137,139,153,117,119,95,112,118,93,81,72,77,59,77,93,61,62,61,59,66,68,48,60,44,63,46,51,57,51,56,76,50,53,54,52,55,55,53,67,53,57,52,62,65,64,64,99,91,108,123	3962134	4786,2055,1486,1044,866,767,647,544,481,488,443,372,382,329,288,310,288,230,234,285,235,243,229,209,195,192,172,191,182,169,163,171,187,140,138,150,141,170,150,159,153,147,149,140,117,158,137,128,115,158,135,142,141,176,182,153,170,194,248,267,390	10872616
1	1786,732,559,363,239,290,265,202,224,173,138,132,145,140,129,122,102,128,123,97,85,78,83,59,71,110,47,58,54,57,63,69,37,61,47,68,37,47,64,49,68,77,45,55,59,51,66,52,39,54,46,51,56,57,53,62,84,112,88,88,120	3917983	4768,2089,1481,1047,920,803,691,571,490,505,452,356,369,337,275,313,301,223,230,285,250,231,249,189,203,195,162,167,179,172,175,188,190,150,126,134,139,175,156,189,132,138,168,137,108,156,137,136,118,165,141,154,159,177,194,139,181,210,262,239,408	10959106
2	1753,719,523,377,258,342,271,217,227,191,159,143,140,144,120,127,79,106,106,90,86,75,85,59,86,95,51,60,46,54,65,72,53,62,40,64,37,70,64,56,71,84,45,57,60,40,65,61,62,52,51,41,48,72,77,83,44,116,86,127,125	3965379	4720,2132,1483,1083,820,741,692,550,461,511,435,384,416,317,294,300,271,218,278,273,239,235,181,181,207,194,173,199,172,183,149,147,178,175,138,171,154,169,168,170,153,120,142,131,109,163,150,130,111,173,121,132,135,174,189,128,158,207,264,322,407	10930289
3	1736,699,451,426,269,290,263,213,211,182,150,167,154,163,102,112,100,109,135,103,81,74,77,64,83,92,66,69,54,54,63,76,46,60,53,55,45,37,64,53,57,81,46,54,54,42,38,49,55,70,49,46,48,62,66,55,62,71,88,127,131	4005696	4768,2034,1505,1057,932,727,653,491,527,480,428,368,395,302,278,292,307,247,234,260,220,279,229,207,225,205,199,192,181,201,152,153,196,154,138,171,131,172,153,165,128,139,154,145,119,150,120,142,126,169,150,134,137,190,193,144,153,197,244,241,349	10891018
4	1764,697,517,352,291,347,239,190,214,189,130,132,139,144,128,125,93,108,130,105,79,76,75,58,96,91,85,68,55,54,65,75,45,64,49,67,43,50,63,49,52,72,56,54,41,51,49,63,42,53,42,35,38,66,62,74,67,99,90,105,121	3950057	4710,2000,1490,1035,877,729,631,529,506,501,444,360,386,294,290,311,279,226,237,289,234,271,224,217,197,187,185,188,217,158,145,159,178,149,116,166,159,166,146,147,146,137,135,127,111,133,124,110,121,159,134,137,133,166,186,158,169,175,256,292,364	10827195
5	1866,776,512,389,279,329,273,217,210,195,159,131,135,157,109,118,95,105,115,109,63,76,71,64,81,97,56,64,72,64,65,49,43,51,50,64,47,55,52,63,48,70,37,54,52,46,54,60,47,74,47,56,56,60,62,71,61,87,101,105,126	3980019	4772,2111,1552,1078,851,737,662,544,506,513,474,360,379,332,300,291,296,212,239,280,236,205,222,217,193,179,185,182,179,147,165,170,170,129,146,155,122,176,167,178,164,158,147,153,122,171,133,138,106,170,157,140,135,174,173,142,172,169,278,268,377	10908471
6	1753,729,482,388,293,290,241,186,182,187,141,129,131,132,135,116,83,105,116,103,74,82,71,68,82,100,46,60,69,56,65,65,47,64,46,68,44,51,54,44,57,70,66,44,46,47,51,38,67,60,54,79,47,62,69,62,56,101,74,104,126	3955676	4772,2090,1550,1084,871,821,622,545,541,510,420,413,363,342,318,331,309,225,245,284,224,240,238,203,182,187,160,196,204,182,155,190,188,136,135,156,126,150,163,168,158,169,159,142,105,178,141,120,117,156,124,138,141,173,193,148,157,209,249,273,362	10981803
7	1703,715,485,359,285,277,248,177,189,166,142,136,127,150,115,132,95,105,103,80,91,65,68,52,78,106,61,65,71,52,51,63,49,64,36,66,37,50,48,44,47,64,39,51,41,58,59,52,58,77,47,48,47,57,68,60,70,96,81,117,111	3884093	4793,2023,1419,1075,859,788,602,539,457,489,417,387,340,338,307,311,280,203,222,294,230,232,203,203,221,193,181,210,174,152,143,161,197,132,150,144,127,168,116,186,143,153,156,128,121,163,138,130,128,157,120,135,113,144,178,146,176,200,244,273,407	10765675
8	1795,709,520,403,255,287,274,213,229,162,161,128,161,153,116,127,113,135,122,96,83,77,83,56,72,91,76,66,48,66,78,63,41,61,35,55,49,45,63,48,45,74,62,45,61,52,65,54,52,68,57,54,51,72,68,65,65,90,112,121,115	3996320	4822,2064,1423,1006,867,741,638,549,440,463,450,366,364,306,318,299,303,235,219,249,214,267,249,229,209,178,170,198,186,170,164,177,186,134,131,148,168,169,155,145,148,166,145,123,132,138,134,136,125,147,148,146,140,174,187,157,170,215,244,266,386	10942643
9	1778,700,504,375,287,318,255,206,188,182,126,121,171,138,102,108,92,112,95,95,68,71,74,55,85,95,57,70,64,51,65,51,42,49,48,59,45,36,47,49,53,60,47,55,55,32,55,44,64,83,48,61,56,65,68,69,74,110,97,125,114	3954571	4702,2063,1553,1007,891,725,638,578,491,500,442,351,365,343,299,330,312,233,216,296,209,246,226,202,205,199,145,203,197,158,154,194,181,127,139,164,148,197,153,164,152,143,140,163,139,157,125,120,116,176,153,145,150,210,182,143,181,205,268,292,400	10928544
10	1719,726,484,403,284,297,294,184,182,154,164,116,142,150,100,109,99,128,116,79,84,73,81,59,82,105,58,79,52,56,52,59,69,67,32,70,44,54,49,54,56,86,45,49,47,52,61,51,57,76,41,51,53,52,54,59,59,97,87,111,120	3953674	4900,2106,1529,1086,894,811,651,560,473,496,475,380,359,304,309,343,282,252,245,270,238,245,280,195,188,184,185,190,185,151,164,182,187,138,139,145,126,170,155,142,155,147,143,147,148,156,141,120,132,180,137,159,146,193,181,154,183,166,244,293,380	11071376
11	1732,725,535,399,270,300,251,189,186,187,152,134,136,166,121,132,84,105,114,78,61,65,81,58,80,100,61,58,63,66,83,59,49,61,53,82,39,47,61,62,58,73,57,52,68,49,46,54,57,77,54,60,37,63,73,56,75,112,110,107,115	3987383	4704,2002,1435,1036,810,774,682,510,447,458,428,360,366,307,299,300,293,216,219,261,218,248,234,205,203,195,183,187,176,175,183,166,202,122,153,153,137,175,139,170,143,116,133,124,125,133,149,152,107,145,127,150,130,180,172,168,187,193,269,304,354	10687347
12	1814,718,481,343,270,319,280,200,204,183,144,139,127,150,131,133,94,118,118,85,92,71,79,68,62,90,62,73,63,45,61,78,47,48,52,58,42,47,61,43,48,60,42,62,55,54,58,67,54,68,51,54,48,67,76,75,58,101,83,89,120	3966171	4896,2154,1540,1088,785,737,637,571,477,474,406,367,360,310,290,325,277,200,233,293,237,249,239,209,192,169,161,175,184,166,154,181,179,166,125,141,131,177,136,138,153,143,144,146,117,135,126,114,122,157,116,153,145,168,184,164,168,192,285,310,399	10943409
13	1750,730,499,418,301,326,240,190,206,170,149,138,121,150,117,143,98,114,110,92,84,74,79,52,74,91,42,49,68,56,62,52,52,52,53,63,50,49,50,52,50,69,49,59,41,55,59,40,40,65,49,59,52,75,53,78,65,90,83,119,150	3950578	4822,2171,1507,1014,827,755,647,560,484,475,465,361,403,356,282,336,275,240,267,303,240,234,223,190,191,171,159,200,159,182,159,194,169,137,131,170,141,151,145,185,175,137,144,156,134,200,128,110,134,171,137,154,134,203,167,137,178,204,290,260,404	11003974
14	1854,743,531,426,274,313,233,196,207,171,150,143,137,152,132,136,98,115,129,91,88,75,90,64,73,83,66,63,57,56,64,70,60,53,52,65,46,43,60,44,51,87,59,46,59,66,59,50,46,61,55,53,53,57,79,64,59,122,98,100,117	3950024	4712,2095,1571,1040,860,818,616,539,467,502,446,433,377,303,308,349,288,228,230,290,259,246,224,221,204,189,181,211,208,165,188,190,184,172,164,150,152,160,157,138,131,127,148,125,139,166,137,134,132,157,141,141,117,197,172,145,154,175,225,266,422	10929365
15	1688,758,490,407,263,322,249,182,206,179,143,155,151,156,113,120,102,97,124,100,73,64,81,62,90,92,58,65,48,58,65,69,38,51,46,57,41,38,45,59,66,71,36,60,65,60,55,47,55,65,60,55,53,51,61,65,70,104,84,111,126	3963747	4741,2039,1517,1043,922,795,679,552,499,473,444,358,418,332,267,310,272,213,206,278,215,241,231,225,185,181,170,165,167,183,158,147,200,148,113,164,148,173,160,188,149,142,144,141,125,152,124,120,131,164,129,135,169,160,174,166,194,199,233,282,365	10907359
16	1848,777,524,421,285,280,265,219,187,178,152,135,139,161,119,121,81,124,101,93,69,71,76,52,78,82,59,56,65,64,69,68,54,61,38,63,40,54,51,46,37,63,58,50,43,52,61,47,55,71,63,56,62,46,66,64,63,116,96,108,132	3968044	4713,2002,1506,1020,867,769,704,576,499,517,438,373,365,349,304,295,276,225,237,270,275,228,228,195,210,186,180,187,171,176,187,172,229,139,160,155,139,189,160,174,135,143,157,140,117,153,151,122,94,177,143,152,142,175,171,175,169,201,225,258,350	10770450
17	1667,749,444,381,250,303,259,207,188,163,119,126,141,157,118,113,94,92,130,78,74,66,65,64,79,89,51,78,55,58,71,59,44,54,44,68,40,36,55,50,49,75,50,31,39,41,46,43,51,55,52,51,44,73,59,54,79,93,101,107,116	3836561	4760,2039,1501,1011,892,805,639,551,447,466,444,379,355,312,280,276,292,211,207,265,250,234,251,207,201,199,164,189,210,167,178,188,191,142,119,168,124,187,129,146,167,138,159,129,93,166,124,130,100,146,142,136,147,180,206,161,157,171,251,239,368	10690191
18	1806,708,528,394,298,293,252,210,192,180,171,140,162,144,127,116,106,124,102,83,71,72,73,54,90,95,75,83,61,67,87,71,60,83,56,58,53,56,51,49,59,73,48,50,62,55,75,63,50,88,48,56,47,61,67,54,67,100,111,119,125	4084876	4814,1955,1563,1102,951,778,624,508,494,495,470,393,381,317,303,321,286,218,246,271,243,221,234,233,221,199,148,208,217,184,177,169,211,143,136,135,161,180,165,139,166,145,142,157,134,159,132,138,133,171,141,145,156,182,206,143,183,198,256,255,381	10876736
19	1723,710,459,400,284,318,263,200,200,170,142,127,139,149,133,112,103,109,120,105,65,68,79,59,73,80,67,64,46,59,66,60,58,62,38,60,44,59,55,47,54,72,44,54,51,36,54,42,60,81,50,48,55,58,73,79,70,101,104,105,126	3921233	4784,2071,1569,1029,804,747,646,560,477,509,442,375,359,339,257,313,299,230,238,297,202,251,191,205,193,197,196,182,185,167,169,183,166,158,155,129,127,170,162,144,158,164,137,118,141,169,158,115,98,141,158,130,145,150,199,130,193,197,264,284,379	10810259
20	1770,711,489,407,245,313,260,223,187,187,140,143,139,175,115,126,108,114,130,99,84,63,66,64,81,93,63,58,52,57,68,78,49,42,47,80,36,46,55,42,71,70,53,40,54,54,49,62,53,53,57,55,34,62,77,64,62,87,106,106,125	4026518	4746,1976,1494,1012,886,765,601,530,519,519,429,361,383,287,265,282,287,240,264,290,217,228,211,191,203,211,161,185,170,156,174,151,169,164,144,163,143,174,142,153,148,142,147,136,145,164,130,113,104,156,127,130,131,191,182,130,165,202,255,247,399	10728015
21	1770,721,502,426,303,289,272,208,170,181,153,145,153,176,126,126,87,129,123,77,77,59,80,57,76,73,74,59,60,62,54,57,39,75,46,66,32,43,54,62,57,102,57,53,60,41,62,49,57,57,59,58,56,66,60,66,77,125,100,118,130	4014397	4743,2079,1524,1040,892,780,695,540,503,490,430,355,391,312,270,331,287,226,245,271,233,272,246,227,187,192,193,185,153,189,186,160,193,148,143,176,145,189,151,152,160,164,166,126,134,161,143,126,99,154,143,147,132,196,164,148,170,229,250,287,402	10898096
22	1740,659,496,376,287,321,229,210,195,193,127,116,134,146,115,116,76,101,97,78,74,62,66,47,82,98,65,45,72,60,63,69,39,53,42,35,43,62,62,60,60,74,57,49,53,49,69,50,52,68,43,43,46,57,56,52,52,113,99,111,103	3854147	4778,2037,1454,1035,866,723,678,564,472,520,457,370,385,327,274,306,252,234,243,273,266,240,217,213,190,186,176,178,179,151,131,162,152,150,118,146,120,177,133,150,162,147,146,148,139,152,122,137,107,136,124,173,143,171,174,128,166,170,216,292,413	10782667
23	1681,735,455,430,278,345,267,199,217,193,141,130,150,136,116,111,111,98,112,94,93,67,87,51,83,89,74,69,69,62,75,73,65,69,40,66,55,43,51,40,54,83,45,49,49,45,53,47,50,73,63,63,41,80,60,70,62,94,83,123,132	3975985	4588,1986,1499,1036,782,760,673,513,434,488,442,390,392,318,310,318,304,229,248,292,240,266,238,197,188,192,173,199,176,146,150,164,171,141,165,158,144,177,125,173,151,153,146,168,138,157,123,118,115,146,125,134,141,184,173,155,173,176,214,277,392	10726268
24	1810,738,510,393,267,286,248,186,210,187,160,142,172,155,118,119,101,129,114,90,90,86,84,62,95,103,77,71,55,68,50,68,49,50,34,72,55,51,71,50,47,85,43,56,42,53,57,52,49,69,54,50,43,51,60,64,51,133,82,110,99	3990832	4726,2034,1538,1045,868,757,709,536,555,473,431,397,362,343,326,289,260,233,253,266,206,256,254,191,198,205,186,170,195,161,169,159,212,144,120,149,151,169,150,153,145,171,146,147,101,171,131,126,121,174,153,148,153,192,198,157,168,184,243,245,398	10952373
25	1796,730,486,377,294,292,266,211,186,183,150,127,129,141,118,154,101,114,139,81,81,81,92,48,81,101,71,57,56,62,62,62,50,63,50,59,41,60,71,39,50,84,48,55,64,57,61,60,52,69,58,58,62,63,84,64,47,93,100,120,148	3964637	4818,2058,1452,1062,855,797,603,523,464,494,424,393,389,305,284,328,266,233,233,303,229,237,229,222,177,198,160,203,181,169,165,187,169,142,128,139,143,172,130,155,156,139,135,132,106,164,132,115,122,149,138,136,143,185,188,172,165,209,218,256,428	10903953
26	1736,673,520,372,319,272,233,194,204,185,166,115,130,167,131,116,85,122,112,91,71,69,72,57,80,91,55,48,47,56,62,79,51,54,44,65,61,50,58,57,55,79,53,58,45,50,65,51,51,83,45,50,51,66,65,76,61,87,88,96,106	3877041	4800,1958,1400,969,864,722,684,535,470,471,431,346,402,323,291,323,301,228,248,258,243,239,223,219,194,191,165,197,189,189,174,186,192,145,137,169,146,204,159,154,171,150,125,154,113,185,152,144,129,146,138,131,162,166,214,162,163,172,232,237,366	10795140
27	1769,745,495,408,268,349,246,198,194,190,138,131,145,158,122,119,94,117,124,111,81,83,74,70,81,93,64,66,50,54,64,68,44,50,59,67,53,58,60,38,58,67,46,53,46,53,56,52,36,58,47,66,50,62,58,61,60,101,92,113,118	3968825	4924,2055,1506,1087,825,767,664,559,446,506,468,379,407,328,303,313,318,214,257,279,245,246,227,209,178,204,147,207,186,175,175,160,175,117,124,170,125,169,131,144,153,128,151,155,109,163,149,114,111,184,123,144,140,147,192,151,156,190,215,270,382	10907116
28	1838,722,512,395,307,303,260,200,205,172,171,140,148,145,120,147,98,110,117,81,82,72,80,42,93,94,63,55,67,65,80,74,38,60,38,71,51,56,58,59,54,67,51,58,47,60,51,57,56,71,54,66,36,64,74,70,60,98,109,118,141	3943986	4823,2063,1434,1019,871,719,584,513,489,498,491,389,405,319,271,287,300,221,250,279,228,281,244,206,209,197,163,190,153,162,163,156,183,145,115,138,151,156,155,177,156,156,156,122,113,139,137,132,104,171,131,136,120,200,163,152,172,209,251,270,395	10816300
29	1762,751,519,402,284,294,256,175,202,202,163,129,159,152,110,114,89,112,122,94,88,65,77,55,75,120,58,66,63,57,80,76,55,55,44,72,58,52,38,47,45,74,53,47,68,55,59,68,39,70,55,57,49,51,68,66,60,93,111,105,147	3989679	4799,2024,1540,1051,879,794,654,561,492,515,444,391,383,319,311,303,293,221,227,308,234,244,234,210,211,202,175,200,164,155,180,201,195,131,144,128,145,175,146,173,134,139,148,145,121,143,169,112,105,154,147,119,135,171,199,150,174,197,276,252,398	10974051
30	1824,742,471,382,270,314,264,222,204,170,150,142,138,160,124,122,98,122,133,114,81,82,92,57,78,118,63,76,80,76,86,76,44,74,44,69,57,60,55,46,52,82,54,47,51,52,58,36,58,62,45,66,47,65,73,56,53,99,80,102,119	4013925	4849,2052,1426,1018,932,784,704,546,481,498,460,414,425,325,300,352,292,230,221,282,232,230,243,194,217,193,161,182,185,175,176,177,194,155,140,150,138,180,163,160,170,163,156,139,140,182,137,134,139,165,124,144,149,183,180,155,157,229,298,270,413	11004020
31	1765,721,518,394,265,348,269,227,183,188,133,140,141,127,99,124,102,100,94,89,82,77,73,50,75,92,48,47,61,61,55,69,55,78,49,64,52,44,54,51,53,64,57,55,59,49,57,62,63,75,66,58,51,47,90,67,77,91,82,99,118	3926112	4821,2114,1537,1010,845,791,613,562,479,500,446,378,435,318,286,327,334,251,251,281,223,248,212,211,219,165,172,202,159,153,149,186,168,140,133,155,151,166,160,150,171,141,138,132,119,147,129,111,125,160,162,142,141,150,184,126,155,184,230,270,373	10773559
32	1631,758,528,418,293,305,249,186,195,163,158,124,140,162,117,105,85,102,129,104,72,62,86,62,75,95,74,61,55,55,61,74,48,43,42,69,44,59,61,58,65,96,62,50,53,57,66,67,56,68,68,67,52,63,51,74,83,98,95,107,116	3919601	4785,1967,1467,1084,902,816,618,575,482,494,459,359,402,360,290,322,287,248,226,271,253,235,215,225,186,176,193,209,169,174,167,183,197,130,141,158,127,178,148,177,150,143,168,144,125,168,117,127,117,164,148,169,130,206,193,162,162,192,230,246,387	10935640
33	1696,762,510,421,259,287,237,215,190,192,143,144,155,170,114,126,95,109,125,91,78,75,76,63,75,92,75,51,52,59,60,71,45,47,47,56,40,41,51,58,68,68,59,60,53,74,41,45,51,66,61,57,50,58,63,60,49,101,92,110,138	3938131	4878,2052,1455,1102,885,743,644,524,499,446,438,393,373,331,288,291,263,218,241,259,236,228,205,192,228,174,161,210,178,192,170,174,200,144,127,141,142,151,155,159,147,146,142,151,134,182,126,122,125,170,130,141,135,161,194,140,183,179,221,301,418	10999879
34	1734,700,476,391,261,302,262,174,194,166,139,136,121,162,118,128,97,118,118,76,66,68,66,63,71,112,55,57,55,52,60,82,46,59,32,56,45,47,71,54,63,60,56,48,59,50,67,65,52,69,64,54,53,70,60,64,57,78,100,100,106	3939959	4752,2085,1477,1041,849,706,653,541,492,519,462,366,368,314,303,325,266,224,230,301,210,257,206,174,158,197,169,175,197,175,150,177,174,136,154,135,140,201,155,155,161,139,137,137,124,153,154,126,100,164,158,134,155,191,185,159,145,191,266,295,381	10892288
35	1742,744,485,386,297,327,243,200,184,178,166,143,138,165,117,118,98,102,117,92,80,71,67,68,72,93,62,40,63,35,71,63,53,59,43,61,44,59,52,51,34,80,52,61,62,52,74,47,57,71,52,53,48,56,71,65,57,108,95,121,96	3910030	4662,2053,1469,1054,898,768,666,566,534,456,418,360,413,367,256,263,284,239,242,274,227,241,229,174,177,186,165,187,168,156,144,177,182,146,150,168,142,151,147,142,158,150,148,128,128,165,141,137,115,160,157,139,133,161,184,147,155,173,255,281,371	10780777
36	1791,733,469,384,244,289,241,194,177,169,178,149,142,181,104,112,77,101,95,80,71,70,72,81,66,91,59,50,61,53,66,85,37,55,39,53,54,50,57,61,53,79,57,55,46,61,56,50,59,65,56,71,63,74,72,54,62,110,88,117,114	3968150	4815,2064,1489,1026,903,731,703,575,529,455,513,375,382,341,262,302,274,255,236,306,239,261,240,222,219,187,174,239,182,174,155,172,155,152,136,140,144,162,152,183,137,169,145,144,128,148,130,131,133,161,149,150,153,172,188,158,167,204,244,285,403	11048284
37	1708,721,521,368,284,305,251,216,210,180,171,134,147,144,113,139,85,113,125,88,86,71,69,57,82,94,64,55,59,68,79,57,48,59,53,56,52,59,57,53,52,87,41,55,60,39,43,53,48,86,51,55,49,68,77,86,61,101,78,107,115	3903412	4676,2040,1450,971,858,791,658,531,464,487,443,371,398,323,273,274,267,242,232,279,215,259,224,202,170,185,170,206,187,147,152,157,176,132,137,155,133,184,144,140,113,145,152,117,118,138,122,98,103,171,151,161,146,156,182,139,147,168,228,265,394	10659447
38	1775,735,531,386,267,335,241,205,201,166,146,119,165,142,117,109,96,117,136,98,91,79,65,56,86,93,58,53,46,47,68,70,51,54,41,57,37,53,64,40,44,86,62,53,61,62,51,61,67,65,63,61,52,61,71,64,60,95,96,98,115	3957192	4807,2087,1519,1055,861,754,642,509,470,523,472,408,388,367,294,335,314,241,237,324,218,275,212,195,197,191,170,196,190,178,148,159,205,138,150,161,139,146,157,143,143,135,159,123,118,145,143,130,126,161,148,159,137,151,187,154,172,203,239,267,382	10991363
39	1765,693,498,409,241,348,234,191,200,182,138,162,136,143,104,131,92,108,117,88,83,66,80,59,75,118,61,53,61,60,65,66,51,38,42,56,50,62,58,47,74,67,65,51,56,52,62,63,50,78,45,61,56,70,72,71,80,106,81,114,136	3909653	4814,2028,1499,1027,890,778,633,542,484,461,433,393,392,390,283,309,300,236,251,308,212,228,217,220,185,171,172,189,178,156,172,205,197,128,129,139,142,145,126,164,119,137,136,113,129,143,142,123,110,178,131,154,132,184,195,166,165,193,268,272,383	10754526
40	1723,747,479,379,313,324,256,211,200,166,145,116,146,143,96,124,96,127,123,109,75,60,71,58,71,107,51,68,47,78,84,64,54,72,46,70,51,43,56,49,59,72,50,58,59,54,55,67,45,59,61,52,45,60,58,57,60,103,91,99,125	3908899	4882,2012,1434,1052,835,758,650,550,486,508,418,349,391,339,279,332,304,223,224,300,246,251,230,205,186,178,162,182,168,191,178,191,192,143,134,134,141,162,128,171,159,149,151,154,118,170,152,130,113,156,121,145,129,172,191,165,147,199,235,231,395	10891665
41	1715,706,493,380,279,312,258,208,191,199,143,140,129,132,136,129,80,113,133,95,83,72,89,63,98,100,59,72,55,59,54,60,57,50,43,73,43,50,48,66,63,91,51,54,47,47,58,49,56,75,46,52,51,69,75,59,68,102,111,126,123	4003575	4897,2000,1487,1014,861,757,599,578,455,484,419,372,385,311,284,316,282,216,251,254,232,207,217,201,209,186,185,175,161,150,148,175,181,138,133,171,126,144,148,145,155,133,162,121,131,161,144,122,119,174,138,150,161,177,189,155,173,178,221,256,387	10901154
42	1857,716,546,405,273,325,240,212,163,166,138,149,141,157,112,118,108,115,130,88,66,64,78,42,72,99,56,45,51,63,61,72,40,78,49,60,39,47,78,58,45,61,47,60,52,54,54,60,59,56,50,59,64,62,65,67,73,113,103,107,119	4084757	4939,2077,1388,1056,963,781,670,520,465,492,429,351,375,317,271,295,309,250,224,298,270,260,221,222,207,201,168,196,164,173,173,182,171,141,133,155,151,180,142,144,143,151,169,120,102,154,141,152,126,145,127,129,121,182,166,167,181,198,251,229,389	11084186
43	1778,696,512,416,287,277,265,202,200,185,142,145,123,152,115,107,87,102,117,85,83,67,80,69,95,89,57,45,58,62,62,72,52,51,51,55,36,46,59,39,53,75,46,54,54,55,52,65,46,77,58,47,42,55,61,53,64,90,82,82,130	3982176	4777,1988,1513,1080,864,727,635,521,462,507,437,385,392,337,307,287,272,236,206,306,212,245,237,210,174,187,178,190,192,163,183,137,184,132,143,168,151,175,129,158,151,163,148,143,124,147,113,129,141,155,125,134,156,190,179,140,175,206,237,248,380	10786130
44	1791,689,511,414,302,287,255,194,199,170,154,135,140,146,111,117,105,101,118,68,83,65,76,56,95,91,47,50,65,52,76,56,47,58,34,54,43,46,53,50,66,61,41,47,70,64,72,46,57,67,57,67,45,89,60,60,69,109,102,103,99	3921481	4684,2050,1475,1020,822,717,634,575,490,522,431,356,409,288,269,292,268,206,218,270,231,246,205,180,179,172,175,169,167,200,173,149,198,131,133,127,124,154,163,145,169,138,149,140,101,166,128,131,121,146,121,132,135,142,192,134,181,190,215,260,378	10822327
45	1740,713,486,403,289,331,278,195,166,192,160,159,138,150,113,133,104,114,126,90,70,73,69,58,77,87,65,63,48,53,63,77,46,56,48,66,42,66,43,49,47,71,67,60,82,54,46,64,49,74,45,42,45,51,69,62,66,86,92,110,136	3966159	4821,2061,1492,1036,925,728,670,527,442,510,443,377,387,291,290,321,246,240,229,290,214,250,236,211,201,199,173,179,195,193,159,196,206,163,139,139,130,156,141,158,160,137,144,132,111,152,112,131,100,181,153,137,144,162,206,137,202,193,248,261,409	10929725
46	1780,710,488,382,283,293,258,200,220,165,139,159,128,163,146,124,86,99,121,98,91,55,79,55,71,74,63,58,58,56,61,72,54,54,37,59,40,50,50,43,52,84,51,48,51,48,64,60,41,62,46,49,47,51,67,64,59,106,91,112,122	4023291	4800,2017,1491,1081,913,746,655,523,447,501,446,364,368,323,285,328,287,249,223,276,238,248,217,208,189,172,164,206,179,173,157,183,186,141,138,167,115,142,154,133,168,114,158,132,111,157,139,125,124,153,149,141,158,166,195,155,189,176,267,269,375	10904922
47	1747,717,521,410,292,306,251,221,200,218,152,124,137,152,120,128,87,102,128,85,69,66,73,62,58,102,63,61,62,68,69,68,48,63,33,61,40,41,52,37,49,81,47,61,43,47,50,49,52,56,70,51,60,55,69,73,67,106,75,98,123	3959823	4763,2010,1470,1066,841,824,657,532,492,507,451,367,388,364,280,310,286,232,226,272,236,240,229,236,167,202,183,216,177,152,148,170,174,131,131,155,125,155,146,161,147,142,156,159,122,172,125,115,102,157,139,156,164,202,181,166,200,198,239,242,376	10826618
48	1783,752,525,419,280,299,241,193,227,199,129,131,132,177,134,124,100,115,105,80,86,92,75,77,84,101,60,77,68,49,70,66,46,60,53,58,46,45,64,57,53,74,49,53,65,49,54,50,60,68,54,45,54,80,65,50,57,113,97,114,118	3985133	4759,2116,1524,1061,808,725,665,557,466,489,403,346,363,326,286,310,288,244,214,294,239,230,228,215,190,238,182,210,181,165,167,192,211,152,149,145,158,185,160,158,144,154,153,157,109,157,145,109,113,152,139,157,136,150,191,141,162,200,233,252,396	10889552
49	1835,681,506,411,284,329,260,183,187,191,140,117,133,164,123,119,95,122,130,96,72,54,77,78,81,97,69,70,48,69,62,82,55,50,44,62,32,54,54,65,55,63,54,55,64,45,68,54,60,63,68,53,69,53,67,59,48,97,88,117,115	4003328	4813,2073,1447,1022,870,793,692,570,498,456,453,351,375,308,272,283,300,257,222,281,253,234,241,205,176,218,183,170,161,164,147,166,177,140,141,161,148,167,148,154,166,146,128,149,136,179,135,129,111,143,137,137,139,204,170,160,181,193,213,235,402	10849972
50	1754,717,498,394,274,323,235,197,202,180,162,132,148,141,124,124,108,113,136,119,99,75,72,51,62,99,66,67,61,68,60,67,47,60,49,57,29,73,53,44,49,88,48,49,52,48,48,51,51,69,57,51,61,61,60,73,57,97,94,107,115	3973759	4859,2061,1459,1052,861,762,653,569,504,499,481,358,398,332,302,306,308,244,218,259,222,248,195,193,184,191,181,201,203,160,153,163,213,125,135,146,141,160,123,158,152,158,157,147,126,152,157,137,130,164,130,138,160,186,189,156,188,191,214,233,409	10924577
51	1823,745,513,413,285,298,258,213,186,204,166,120,123,141,130,102,105,103,98,80,76,64,67,75,79,106,68,67,57,75,69,66,47,66,46,55,50,45,67,40,58,82,45,48,65,56,47,67,53,65,56,61,49,72,58,57,64,86,93,115,128	4043285	4708,2051,1510,1065,843,794,664,556,497,473,424,376,368,315,265,335,312,229,209,274,252,250,213,187,208,209,190,199,177,193,140,149,200,124,140,149,146,161,174,183,158,149,158,148,112,163,172,135,120,154,154,122,149,182,197,157,174,226,272,270,381	10974672
52	1735,737,516,362,262,314,258,169,188,194,145,127,155,144,111,101,92,109,117,79,71,64,77,58,73,87,70,58,66,65,71,60,50,73,39,57,48,47,50,52,46,62,45,53,51,63,67,49,55,69,45,47,41,59,51,78,75,94,84,106,129	3886094	4812,2079,1538,1120,859,747,633,560,492,501,402,403,354,343,295,304,291,259,238,282,228,248,229,201,194,192,181,181,207,159,161,175,185,145,147,147,133,180,149,142,170,153,155,148,112,163,118,131,104,134,128,160,127,187,189,180,155,194,250,240,399	10878915
53	1722,733,517,428,261,307,264,198,184,164,154,138,132,159,138,108,96,117,120,73,81,70,87,71,85,92,59,66,66,64,65,58,57,69,45,77,55,50,74,49,51,71,51,63,52,44,67,46,55,65,45,63,56,51,67,72,71,105,97,99,124	3949424	4744,2072,1486,1016,920,819,678,506,506,484,421,345,364,315,283,293,310,232,209,296,250,245,240,204,211,188,179,200,184,162,170,169,193,147,135,146,141,143,145,182,147,164,149,142,121,125,158,132,118,152,141,138,139,164,200,146,173,191,215,278,396	10847041
54	1770,692,481,389,311,296,272,207,190,202,161,147,150,153,103,117,106,115,105,81,83,65,91,58,77,86,57,58,63,59,58,74,47,75,58,67,34,51,53,45,61,85,51,48,64,51,58,65,58,69,49,33,51,62,63,62,68,77,87,99,121	3991776	4948,2074,1528,1107,837,773,671,525,465,467,428,355,382,338,285,292,293,229,220,304,266,233,246,200,199,212,168,177,183,171,173,174,177,169,149,160,138,205,157,145,152,131,159,110,127,163,121,128,126,194,154,135,121,184,187,146,169,185,240,257,389	10934462
55	1795,729,508,401,286,342,265,199,205,192,157,147,157,171,121,132,95,114,127,104,64,60,77,65,82,77,56,59,57,47,55,70,47,68,56,65,52,58,56,50,60,77,46,36,65,64,64,53,48,64,51,56,49,70,68,54,68,83,97,103,135	4008253	4996,2072,1502,1089,929,822,699,574,511,496,441,353,428,324,270,312,305,243,259,283,251,259,266,227,207,202,175,214,186,187,162,147,189,144,156,148,135,182,151,143,141,152,153,149,131,180,155,135,104,175,131,145,159,194,150,138,168,198,296,292,399	11110367
56	1778,737,531,411,306,300,280,218,202,214,178,154,150,183,125,126,87,104,108,89,68,75,67,57,73,81,54,59,58,57,80,76,40,71,57,79,60,50,66,51,63,79,59,58,60,52,50,64,59,73,68,64,63,71,69,74,62,110,87,99,117	4020497	4948,1937,1466,1080,889,740,666,546,502,495,495,406,387,352,298,276,267,219,224,257,227,241,252,219,193,180,166,181,158,172,155,153,207,146,137,146,127,152,152,144,134,162,151,118,114,147,137,134,116,183,143,151,146,188,194,157,178,210,278,272,357	10921516
57	1804,779,486,419,283,330,266,206,208,197,142,132,124,161,121,102,110,115,138,112,82,67,73,51,79,102,65,68,65,57,58,68,52,74,46,69,53,43,64,48,64,73,57,50,61,43,45,61,60,73,51,56,41,63,59,74,81,82,108,110,146	4021152	4825,2163,1519,1077,930,844,673,559,490,499,400,360,377,346,276,308,271,243,222,274,250,249,240,220,198,187,174,184,201,178,159,174,167,132,145,163,132,172,146,156,128,169,159,151,114,142,143,119,125,158,127,140,133,183,207,183,174,248,256,259,374	10960816
58	1787,708,461,416,298,350,284,216,222,182,135,133,146,140,110,103,106,108,107,82,76,70,62,64,60,87,47,74,58,66,69,61,43,66,36,62,52,52,73,55,59,71,31,44,50,39,51,51,57,68,45,46,50,62,65,71,60,108,91,85,132	3987881	4760,2075,1394,1047,839,815,674,539,509,436,432,399,378,361,282,337,292,209,234,289,216,268,206,217,207,193,161,176,184,175,160,173,208,164,155,150,149,166,168,172,150,151,160,113,107,164,131,131,122,162,163,155,151,143,209,139,141,223,263,241,380	10773341
59	1818,747,491,404,251,302,271,188,191,180,165,148,131,162,113,124,102,99,127,97,76,61,74,61,69,97,56,57,58,48,66,57,47,57,43,60,48,39,56,47,59,79,53,56,54,50,65,71,60,60,36,48,68,60,70,54,64,92,98,104,107	3995163	4823,2054,1460,1031,909,777,630,525,480,476,475,391,383,334,272,296,249,197,197,255,227,250,225,224,196,201,172,183,189,185,163,184,166,130,154,144,142,172,131,158,152,155,145,138,138,158,128,117,110,135,117,149,130,180,192,154,181,189,266,223,397	10883187
60	1714,731,449,381,272,292,246,189,188,179,135,149,151,153,109,109,109,89,112,88,82,59,67,56,79,87,63,69,62,49,50,68,45,58,42,47,40,49,42,56,64,74,63,59,54,44,61,55,57,69,52,48,50,80,68,62,65,99,75,103,107	3890821	5025,2013,1446,1087,839,746,593,522,493,514,494,391,361,358,301,309,285,217,233,261,244,235,222,202,198,174,167,205,187,175,162,159,197,165,140,147,133,161,137,128,153,132,153,135,120,174,127,112,119,169,133,153,140,182,199,138,179,209,266,249,392	10858139
61	1747,746,499,436,274,310,278,206,189,175,155,159,138,157,117,107,91,115,100,84,81,77,67,61,83,78,63,78,75,67,52,72,57,53,53,64,44,60,54,54,53,74,48,50,44,45,55,64,58,64,50,68,50,61,70,65,67,105,101,114,142	3962871	4840,2147,1508,1058,832,791,594,564,488,480,461,375,386,351,264,318,272,255,251,273,219,200,250,180,215,189,185,197,173,172,167,163,200,141,157,159,150,153,145,148,139,128,142,141,126,166,144,126,117,166,142,150,159,176,172,139,164,178,248,275,396	10957367
62	1838,762,490,378,297,328,267,192,178,176,166,135,125,162,127,118,105,92,110,88,87,74,71,56,77,99,65,54,61,63,57,70,50,58,46,63,48,46,49,56,52,72,50,49,60,49,43,48,51,64,58,57,47,56,59,63,68,100,88,91,132	3966480	4724,2038,1539,1136,837,803,665,568,463,464,421,364,371,326,284,349,305,248,250,271,238,256,208,203,205,156,187,184,171,155,142,170,193,132,128,144,149,174,156,149,144,137,153,155,129,170,128,118,117,165,133,130,144,160,178,135,160,210,215,276,414	10872105
63	1790,773,488,407,270,316,259,234,209,167,150,138,125,131,101,112,77,115,123,84,76,64,83,62,74,102,61,57,56,56,54,66,46,72,41,67,48,57,67,59,57,73,45,60,58,70,70,62,58,62,47,66,54,72,64,80,65,90,111,89,124	3959264	4727,2029,1518,1037,805,793,601,510,456,490,421,369,364,336,277,307,286,219,259,259,251,214,221,229,188,184,149,193,193,170,155,135,188,150,143,173,152,182,156,148,165,129,154,136,141,171,138,113,114,165,118,111,131,195,179,143,161,181,242,257,371	10775144
64	1728,756,494,425,266,308,253,202,195,175,146,154,130,156,121,118,79,122,133,82,82,79,86,61,74,79,66,72,56,60,65,82,41,60,47,64,41,51,59,50,59,73,46,49,60,45,74,61,59,70,55,58,46,62,75,62,64,104,97,104,126	3938758	4667,2015,1477,1008,872,750,678,541,470,476,431,353,365,307,297,266,271,215,219,287,208,254,228,212,225,219,178,182,181,165,174,168,211,168,131,185,147,152,154,145,156,148,163,141,123,146,120,122,116,160,135,156,140,172,181,159,185,181,230,263,381	10844135
65	1789,718,470,386,290,324,251,199,196,187,160,125,138,150,129,95,103,122,120,103,76,79,90,55,93,103,58,65,64,48,69,66,51,66,52,64,47,62,63,58,64,80,59,63,51,52,58,69,61,69,47,49,57,56,67,62,72,83,101,97,141	3985397	4780,2086,1500,1093,832,788,622,554,477,483,428,358,359,333,285,320,303,225,258,272,237,265,195,186,185,209,169,178,186,173,144,156,171,142,124,136,141,163,155,152,155,142,150,149,112,169,142,120,110,160,119,124,138,166,173,147,170,200,247,256,405	10853822
66	1740,765,514,396,311,318,250,193,192,159,145,146,137,153,98,133,93,108,113,103,85,90,80,53,86,108,62,59,60,52,59,62,46,63,41,73,47,44,63,56,58,78,45,64,45,52,50,55,55,46,65,56,65,63,62,56,63,107,91,108,119	3936189	4762,2015,1457,1061,818,752,608,518,525,471,437,359,436,322,276,292,312,246,259,297,256,245,239,201,182,180,168,199,185,144,139,183,167,160,118,143,163,169,154,177,136,152,155,144,136,180,118,129,113,156,144,129,117,184,188,149,157,184,287,269,381	10873259
67	1726,744,458,361,257,330,260,208,201,195,159,135,128,149,127,123,93,101,113,100,76,75,74,59,74,118,74,54,67,62,77,65,50,51,58,66,40,41,46,49,47,80,56,44,57,49,60,54,40,64,47,55,39,72,63,61,63,91,90,103,104	3945220	4627,2061,1461,1020,904,740,596,502,472,500,422,344,367,319,299,289,298,227,254,283,261,230,249,190,183,186,178,209,191,173,192,168,182,142,148,146,152,164,168,155,138,137,138,137,84,154,130,123,105,126,129,147,144,171,174,152,159,202,265,265,382	10694366
68	1719,725,500,409,299,319,282,205,185,194,153,131,130,127,134,129,109,107,135,82,84,90,76,52,85,96,73,63,65,63,58,67,61,59,52,69,51,49,56,55,67,74,44,58,43,60,46,47,52,66,55,44,57,69,70,61,65,102,87,121,96	3955398	4702,2165,1500,1052,875,741,675,604,512,499,466,401,379,348,298,309,299,198,230,308,218,242,231,196,212,208,222,196,214,171,157,147,224,144,129,168,124,185,127,159,146,129,148,145,114,165,132,128,114,163,141,133,139,200,175,133,182,219,261,252,389	10914956
69	1781,697,507,376,284,287,271,222,194,176,166,126,106,140,108,137,103,115,104,85,83,68,84,73,68,83,61,51,66,42,62,62,56,58,48,66,28,54,51,47,52,78,51,55,57,56,60,63,56,66,59,58,46,82,46,52,64,100,110,95,116	3956547	5037,2102,1466,1076,900,794,700,561,476,480,485,361,378,356,262,317,295,239,227,309,247,264,233,202,180,180,170,201,184,183,168,179,193,128,144,148,141,194,142,157,184,150,161,139,130,174,127,139,122,142,142,142,147,170,200,165,186,249,276,285,398	11047955
70	1833,754,517,386,251,362,284,204,197,200,155,154,135,156,99,111,114,103,114,88,81,91,95,66,65,91,79,56,56,73,74,71,45,63,41,65,52,48,57,59,53,74,46,56,64,66,62,46,61,76,50,50,49,65,56,78,57,105,89,120,116	4028197	4810,2061,1438,1008,872,824,626,550,461,494,448,376,376,329,299,303,317,221,238,299,234,214,222,213,192,194,187,189,171,171,187,166,179,128,165,138,146,160,138,142,162,154,163,147,114,157,138,127,113,166,169,144,150,170,171,156,164,203,266,263,385	10872140
71	1716,679,515,358,281,279,259,192,157,149,134,128,120,145,141,122,76,122,108,92,92,69,82,67,69,94,69,62,68,53,69,76,39,61,54,47,55,52,43,53,57,71,49,60,50,59,58,37,53,63,52,59,65,68,61,59,62,116,92,115,128	3904735	4693,2065,1451,1029,856,766,628,557,456,446,433,384,330,352,286,282,297,216,214,274,222,223,197,210,198,198,197,189,172,157,172,155,203,150,137,131,153,179,151,138,148,141,142,122,107,134,146,124,123,141,116,139,130,164,157,144,163,192,248,275,378	10726809
72	1766,765,512,379,295,322,214,222,192,177,144,125,132,158,111,119,79,105,113,89,90,75,69,87,86,88,62,62,70,53,75,62,32,55,46,56,44,54,51,54,49,64,52,67,54,45,48,54,56,84,55,73,56,55,67,59,59,105,95,105,116	3993111	4851,2056,1504,1033,861,763,618,587,489,509,420,369,389,344,283,321,304,233,228,267,222,233,215,235,194,187,171,176,214,155,153,191,174,142,131,152,134,182,166,158,139,159,173,171,106,160,142,135,120,152,142,149,158,185,160,161,186,204,244,272,395	10839285
73	1848,721,523,387,294,289,269,193,202,154,149,129,130,154,107,117,89,121,132,77,85,65,85,58,76,97,52,54,56,63,73,53,49,59,45,50,39,56,66,36,69,69,42,40,82,52,53,55,48,73,49,46,55,69,55,52,66,105,77,115,118	3978715	4858,2055,1540,1075,851,789,681,526,480,525,429,364,364,288,290,331,269,227,225,293,251,245,244,189,205,203,171,214,186,188,176,183,216,142,162,142,140,202,159,158,163,145,151,138,114,143,149,125,135,168,119,152,148,204,180,154,182,219,248,253,417	10940405
74	1825,685,484,420,267,304,242,208,196,220,150,143,126,145,112,112,109,99,101,89,80,74,78,60,82,79,48,62,70,80,66,59,55,54,53,74,47,49,56,55,63,84,60,46,67,63,59,50,60,75,59,37,43,86,70,55,55,99,99,105,124	3937381	4708,2084,1463,1010,877,787,671,516,483,501,465,347,364,296,313,312,285,226,254,279,231,233,237,206,180,190,158,181,200,173,133,186,195,142,150,170,149,167,157,165,136,155,160,146,119,167,131,129,110,160,132,156,156,196,185,148,185,172,218,253,374	10862713
75	1743,720,454,428,277,330,300,205,197,160,168,135,119,150,105,135,98,103,126,85,73,73,69,68,77,99,51,70,66,65,63,69,50,51,50,72,60,54,65,44,38,83,63,56,54,58,47,45,38,77,56,56,52,62,64,53,72,85,87,104,116	3953469	4723,1971,1465,965,801,734,615,501,462,506,405,367,356,320,302,315,291,264,210,301,240,229,235,214,195,180,178,196,181,181,174,175,147,126,148,148,155,171,135,180,167,145,119,124,109,178,140,139,116,149,155,141,128,177,206,162,155,185,243,250,357	10777144
76	1816,688,547,403,292,325,260,176,195,197,146,123,158,144,136,99,102,121,146,99,87,85,88,65,93,92,80,65,56,50,84,59,51,65,54,71,46,53,58,40,49,74,42,49,50,60,56,68,54,61,37,56,51,65,86,75,61,96,75,111,97	4000790	4728,1973,1472,1027,842,765,707,544,509,455,420,331,347,316,286,311,306,224,232,294,228,197,230,168,183,202,150,202,169,152,138,156,194,158,144,137,117,154,135,159,123,151,161,141,99,139,138,128,118,152,139,129,145,202,207,160,191,188,249,260,366	10683211
77	1767,717,489,363,279,314,263,216,200,181,139,126,138,154,110,123,106,113,118,116,84,83,81,63,92,92,61,72,65,44,68,83,52,59,34,66,50,44,56,52,55,70,53,67,57,52,59,51,53,63,44,56,56,56,93,62,49,101,94,103,122	3985130	4862,2037,1406,1018,883,748,664,539,531,480,430,370,372,303,271,330,296,183,232,301,230,248,225,197,222,225,181,201,156,175,135,151,195,145,123,141,138,167,131,172,169,149,146,146,115,176,140,122,120,157,136,150,137,192,191,159,165,220,231,250,404	10846568
78	1776,755,493,405,293,309,260,205,224,188,154,132,129,147,118,111,97,97,117,79,82,63,70,59,75,91,63,69,47,60,75,52,51,57,48,65,46,46,59,39,53,83,42,51,62,63,68,52,60,84,55,53,57,74,77,53,69,107,85,103,135	3956962	4818,2115,1502,1058,833,800,640,540,470,479,457,349,377,306,263,297,280,258,228,300,231,218,215,214,216,171,178,183,184,170,164,196,172,138,133,151,125,144,144,167,141,153,129,130,122,159,150,141,112,159,142,149,157,173,192,127,185,192,263,251,393	10816542
79	1724,726,495,400,260,291,280,205,180,177,142,122,125,140,115,127,90,95,109,83,75,65,67,53,55,100,48,49,60,39,62,72,38,63,33,54,40,55,45,57,57,67,61,57,63,61,46,39,56,61,45,54,56,54,62,60,57,108,94,102,114	3909904	4760,2144,1481,1075,912,798,639,574,451,470,441,347,397,332,284,294,312,235,254,290,231,242,235,226,190,184,169,152,188,158,162,189,174,134,149,140,125,172,127,174,143,141,138,152,139,183,146,119,101,193,145,134,128,189,213,160,158,199,286,299,413	10924565
80	1684,684,514,377,312,302,248,221,166,152,150,143,146,139,114,116,94,115,120,69,81,75,81,45,69,94,62,53,60,66,67,63,37,60,43,60,44,49,55,52,63,83,47,47,35,46,55,54,52,51,50,48,41,55,71,73,64,81,89,99,113	3895421	4784,2011,1469,1053,897,725,610,554,519,506,439,352,387,339,267,318,288,209,242,314,244,223,228,192,187,177,162,188,183,182,169,159,209,121,125,157,150,155,134,183,166,144,146,128,132,156,151,126,105,154,140,142,114,198,177,135,170,166,258,247,409	10793297
81	1782,740,505,394,284,320,258,192,172,211,141,116,124,163,118,133,89,122,141,97,90,75,89,48,80,95,76,63,66,70,68,85,45,47,42,69,48,49,54,50,51,78,59,56,58,66,54,54,49,70,56,45,48,65,62,73,67,99,103,105,136	3994921	4629,2049,1454,1024,805,755,668,534,438,513,459,363,385,343,271,300,324,264,233,340,255,223,241,230,195,192,170,187,167,190,159,173,188,152,121,149,154,179,154,164,161,129,140,142,118,173,120,112,118,156,137,118,125,157,172,156,201,170,219,274,360	10864690
82	1740,748,504,386,278,320,262,203,222,204,169,132,146,146,123,108,85,107,119,103,85,73,75,53,79,78,66,51,73,52,61,76,47,49,36,65,43,66,59,52,55,53,45,53,65,51,50,73,63,68,42,72,57,58,64,59,58,103,95,104,109	4035283	4688,2116,1546,1005,868,763,649,570,493,488,445,371,390,339,286,290,292,214,238,306,227,238,204,172,181,172,189,190,206,169,151,182,199,144,155,134,118,169,154,158,145,162,165,127,123,150,107,124,135,158,108,155,159,211,179,153,158,180,241,220,384	10844684
83	1807,728,516,382,293,324,241,227,203,164,154,126,121,162,131,117,93,99,102,97,81,78,80,52,74,97,53,54,66,68,53,54,47,48,42,58,41,56,54,48,53,80,49,60,49,47,55,65,58,62,51,62,55,59,68,57,41,80,110,110,113	3975224	4797,2012,1539,1074,818,732,639,578,521,487,444,361,389,318,276,284,299,242,250,293,249,267,237,227,181,192,192,186,198,160,169,165,182,135,147,139,152,159,141,177,147,151,146,140,109,154,131,127,132,150,126,150,164,184,188,158,154,206,266,245,426	10928970
84	1786,700,494,362,271,316,252,183,197,149,148,135,136,147,115,129,99,116,111,70,89,89,92,53,65,91,64,64,55,74,76,61,39,57,50,61,40,55,48,50,49,63,50,60,51,56,61,52,56,64,61,60,47,69,92,68,61,108,87,102,126	3957212	4848,2099,1524,1057,880,810,644,588,450,528,447,380,370,315,325,323,293,229,245,292,217,234,200,202,205,193,183,210,185,191,158,192,173,123,131,137,154,180,159,189,151,131,137,129,108,174,152,129,135,141,134,162,134,164,170,185,181,200,259,251,386	11027759
85	1779,764,528,417,275,311,239,230,199,164,176,146,138,150,117,116,112,137,101,89,89,72,79,60,68,70,50,59,55,52,66,82,61,55,38,47,44,43,56,51,46,83,36,56,58,60,59,49,65,57,76,56,52,67,66,53,61,98,95,107,132	3951060	4684,2050,1528,1031,857,727,652,532,463,485,434,367,382,348,304,330,293,233,230,280,222,256,215,220,185,202,160,189,187,158,146,161,186,158,141,151,143,176,167,148,168,149,170,133,116,188,103,131,107,153,120,142,142,178,181,138,175,203,259,269,386	10905864
86	1794,735,531,400,282,309,258,201,198,185,142,136,126,150,107,111,92,96,119,98,80,77,84,62,72,101,66,57,55,47,61,61,50,52,50,62,56,49,49,39,72,70,47,54,56,55,45,63,54,67,52,60,61,77,64,63,61,79,82,130,123	3997904	4865,2090,1501,1084,843,732,675,532,436,477,468,383,406,289,314,302,323,210,248,302,233,258,226,195,204,172,187,187,180,148,155,171,187,122,126,139,142,182,136,146,157,159,133,127,115,154,133,145,103,177,129,136,128,169,176,141,194,206,257,245,394	10913725
87	1733,691,461,352,283,316,275,210,186,181,143,126,140,145,99,112,96,115,121,74,88,71,64,67,72,77,57,55,50,60,70,80,41,52,51,67,34,64,55,47,54,75,56,42,46,54,58,63,52,65,57,75,44,64,62,48,63,117,77,113,114	3861987	4804,1961,1476,1009,833,762,653,553,453,462,446,365,363,332,285,303,290,230,241,275,247,249,224,214,212,171,178,159,179,172,158,166,202,158,130,170,140,161,140,153,151,136,164,131,122,148,143,133,94,150,133,135,135,161,171,152,149,202,273,304,398	10746586
88	1771,779,497,395,281,323,251,200,216,198,155,127,145,152,95,122,86,111,129,100,98,70,73,73,81,85,64,55,56,60,77,64,50,66,42,56,50,59,57,48,55,73,50,47,57,44,59,48,71,67,51,56,53,51,70,69,58,113,102,125,127	3942773	4681,2115,1491,1050,830,772,621,530,491,467,428,386,378,327,265,310,289,226,248,283,238,251,240,178,193,174,175,194,189,149,188,190,173,127,135,149,135,153,158,159,168,157,170,129,106,135,141,101,111,175,130,158,132,190,205,172,165,216,265,279,348	10831236
89	1781,759,473,379,309,304,240,190,173,183,147,126,159,159,137,108,84,121,118,100,69,71,62,59,81,104,68,61,61,60,78,66,54,70,48,76,34,48,55,58,43,81,53,31,48,56,40,36,65,57,62,67,55,63,58,70,67,114,104,108,142	3960529	4915,2042,1432,1088,832,746,631,546,493,492,469,381,368,316,312,312,294,237,263,265,231,258,244,224,183,216,200,194,180,180,176,168,202,145,167,149,147,176,156,174,144,136,145,131,114,159,129,101,138,130,129,142,136,160,184,146,158,216,226,254,400	10834131
90	1819,731,479,383,279,295,256,182,203,199,157,121,146,158,117,119,88,91,127,76,79,70,81,60,54,84,62,53,69,70,70,56,46,67,47,55,43,53,57,45,60,85,53,42,64,51,54,54,61,65,51,53,62,62,71,60,74,94,93,83,108	3944760	4842,2028,1482,1034,859,734,670,542,483,523,438,404,364,313,297,295,244,200,250,293,226,234,229,212,206,187,159,216,193,178,180,171,174,147,145,133,138,196,157,146,164,129,170,133,118,153,126,130,119,149,148,160,132,165,165,143,164,192,238,248,369	10856841
91	1842,735,514,377,291,309,254,180,211,172,162,129,138,155,118,110,88,102,125,99,72,59,77,56,73,97,61,81,70,71,61,84,54,69,40,67,52,51,52,63,74,87,59,70,58,54,63,56,60,68,51,57,58,40,57,66,67,102,99,111,137	3973804	4687,2060,1426,1012,811,768,634,541,489,494,441,380,422,309,327,281,283,225,246,303,220,228,229,221,210,184,167,169,183,166,160,174,201,142,142,172,156,181,172,141,163,145,130,143,104,145,155,109,127,147,129,159,138,204,175,131,165,195,250,267,382	10792305
92	1728,689,499,435,254,316,262,209,170,189,170,168,144,139,120,135,102,104,112,87,90,71,87,57,81,92,68,63,72,47,64,61,48,58,58,68,53,47,65,48,41,83,49,51,55,49,58,54,59,57,76,58,50,49,65,67,68,95,86,99,122	3997179	4692,2079,1440,1061,856,735,655,554,485,474,444,358,393,297,271,309,311,205,227,318,243,239,213,172,185,196,184,191,204,186,156,154,172,130,158,169,140,164,145,164,146,159,140,124,113,169,141,137,105,151,123,168,131,158,151,118,178,167,254,298,425	10756266
93	1810,758,512,399,255,319,266,193,190,176,154,117,137,151,111,128,96,109,135,83,83,77,73,69,82,102,59,49,50,55,71,73,42,51,42,67,29,51,71,53,38,86,57,58,57,44,61,44,62,71,55,64,56,64,68,69,63,99,89,106,145	3956348	4740,2025,1535,1041,821,763,666,546,483,482,458,345,368,327,275,273,291,223,223,248,256,246,213,231,182,214,158,213,166,179,163,185,192,118,127,127,112,172,149,152,129,155,141,138,133,160,157,116,96,139,157,153,142,162,196,132,167,194,270,271,407	10836275
94	1757,738,479,395,287,298,288,232,184,178,171,161,147,172,126,123,82,108,125,97,92,81,73,61,81,84,61,69,59,44,56,65,37,60,53,69,56,47,58,42,65,86,62,61,57,65,54,57,46,57,57,55,54,55,64,65,62,106,94,102,109	4035734	4903,2099,1536,1000,910,809,661,558,453,500,448,393,354,322,275,278,305,220,241,281,226,245,219,193,155,183,177,172,137,140,171,132,146,139,143,162,148,150,136,174,127,145,165,155,127,162,152,127,117,157,183,142,120,170,164,169,193,191,255,215,388	10837408
95	1780,738,494,399,293,343,245,201,194,170,152,132,138,142,134,108,95,124,119,92,81,78,82,53,92,104,61,57,58,48,67,53,52,59,36,65,40,56,56,64,51,79,58,56,63,40,51,55,58,66,51,45,49,66,62,54,67,102,91,109,122	3971877	4609,2040,1514,1017,845,808,649,513,489,463,427,372,332,324,326,303,294,254,228,304,253,288,233,219,183,169,184,181,167,201,165,198,191,152,115,149,155,170,150,174,169,145,151,161,118,155,139,129,120,163,131,137,149,180,186,157,161,191,222,270,392	10801552
96	1760,721,475,403,250,299,251,185,187,197,171,124,147,137,96,112,101,129,101,87,72,75,84,68,72,98,60,49,50,55,67,70,60,72,39,61,50,37,52,54,44,82,45,56,44,59,55,48,53,69,55,49,64,65,61,73,60,100,93,102,131	3934784	4832,2123,1584,1022,845,743,645,477,444,483,429,352,437,312,278,344,273,238,232,257,198,228,230,222,195,188,201,208,192,146,162,176,199,121,149,145,143,147,156,163,147,120,144,134,124,150,139,122,121,156,115,135,144,190,186,128,176,206,235,291,361	10920295
97	1785,691,470,388,248,326,247,171,204,187,139,159,147,152,116,122,118,116,114,91,81,79,67,51,89,90,67,57,65,48,68,87,47,47,49,58,30,54,53,46,54,63,51,44,44,49,64,60,47,80,63,57,49,51,59,58,72,99,94,93,135	3886689	4915,2102,1529,1083,825,789,623,533,513,465,410,340,399,357,285,312,298,257,250,292,239,252,213,191,228,196,186,187,173,147,164,171,166,135,139,166,128,180,170,149,144,177,138,151,131,160,165,153,113,157,151,138,161,190,180,167,153,180,248,303,403	10972701
98	1789,804,454,404,320,303,260,197,202,214,177,146,160,167,122,120,106,130,123,85,88,73,61,60,75,110,63,61,62,56,63,53,41,46,42,52,46,55,70,52,47,78,47,52,60,63,61,46,63,60,57,55,48,67,64,72,59,109,89,126,126	4013378	4794,2180,1550,1070,898,793,726,521,520,550,458,373,427,362,306,345,268,242,249,294,253,276,210,204,203,188,176,223,179,166,159,174,208,182,134,151,114,171,153,173,173,162,156,134,137,149,121,111,113,144,112,166,125,172,178,186,170,196,238,267,405	10993524
99	1622,736,473,385,267,301,248,187,204,194,169,158,144,156,125,119,95,102,98,99,64,63,66,67,82,97,53,67,64,48,58,66,41,60,57,68,52,55,51,56,64,85,55,55,64,50,63,66,53,83,61,59,54,64,65,69,55,97,79,98,129	3983181	4823,2046,1500,1095,910,800,658,539,487,482,445,358,385,348,338,303,297,227,263,307,229,235,245,196,199,201,184,209,198,185,158,187,196,161,130,159,137,175,170,143,162,166,164,124,117,163,141,116,113,142,132,136,127,188,199,169,177,183,257,251,370	10988719
100	1622,727,526,425,294,326,267,197,222,183,149,126,152,163,108,103,99,111,117,108,84,74,70,62,77,97,55,65,72,67,62,69,43,55,44,62,53,44,47,52,53,67,54,40,61,48,61,52,58,54,46,58,60,58,59,63,69,95,83,105,113	3948644	4615,2009,1450,1054,842,770,643,511,533,475,412,360,409,320,308,297,263,226,244,276,222,215,214,198,186,196,163,179,177,163,171,162,184,138,138,141,139,173,146,141,165,155,144,122,110,152,138,153,105,150,114,141,160,194,186,137,205,204,251,258,356	10660021
