bs_rep	neu_sfs	neu_call	sel_sfs	sel_call
0	2961,1263,866,708,528,517,409,339,340,315,259,248,246,233,184,194,170,190,187,149,143,144,139,100,132,163,107,114,101,110,113,124,93,103,76,112,90,95,98,93,95,118,87,102,93,90,86,90,91,104,97,100,93,116,117,105,116,164,148,179,234	6795515	13501,4909,3179,2508,1950,1653,1477,1243,1117,982,919,821,784,701,656,615,562,567,562,513,490,465,447,406,390,393,361,345,315,331,370,328,288,296,279,316,281,290,274,271,297,302,240,307,257,264,283,262,264,306,287,295,291,344,353,360,389,466,459,557,714	46318545
1	3003,1197,885,674,541,473,381,340,343,284,250,229,221,239,175,213,167,158,194,150,147,159,141,96,137,163,117,115,102,110,101,115,107,99,69,106,83,109,87,99,88,118,93,95,97,83,92,86,68,113,85,97,88,127,104,88,135,137,143,180,256	6737978	13507,4741,3151,2497,2024,1572,1456,1257,1107,959,913,820,723,730,626,653,577,506,552,514,488,453,449,390,431,380,378,356,316,295,359,294,282,275,275,300,280,306,255,268,273,329,242,318,265,251,275,264,262,314,263,295,265,334,325,315,450,432,426,522,759	46062252
2	2972,1370,815,699,514,551,438,343,356,322,266,259,259,217,194,196,171,194,189,156,172,160,130,112,118,163,106,127,140,118,108,108,91,111,76,117,78,94,116,112,117,112,85,92,111,81,78,93,93,75,100,86,109,117,119,103,120,191,177,175,244	6858073	13356,4936,3155,2513,1953,1719,1541,1268,1116,1021,920,806,794,666,646,616,572,564,563,502,499,538,425,406,417,402,349,364,335,330,380,316,284,293,274,340,262,287,293,286,328,278,230,294,264,290,278,257,261,285,292,272,289,304,356,333,380,502,491,561,721	46721208
3	3031,1259,919,706,528,508,418,357,317,294,262,251,239,225,198,224,182,173,172,151,132,133,141,104,110,145,117,106,100,107,100,137,94,110,81,117,91,91,111,85,99,131,82,111,102,98,82,87,99,109,88,117,91,118,107,116,97,155,143,183,243	6815103	13839,4897,3331,2456,1913,1658,1483,1263,1047,925,900,821,745,725,717,694,584,547,526,532,451,461,447,411,361,353,382,343,274,328,339,324,289,309,237,340,268,286,277,257,304,298,247,296,290,258,304,228,271,332,302,301,289,331,333,364,360,455,472,550,728	46499466
4	2942,1265,890,716,529,504,436,318,349,303,242,260,260,255,204,176,187,179,193,136,147,146,154,86,127,158,102,133,110,102,126,146,79,114,70,104,86,81,98,84,126,122,90,108,94,81,93,91,96,117,107,104,85,115,108,132,128,185,142,186,235	6877532	13483,4867,3189,2542,1932,1637,1456,1275,1069,1023,903,893,764,751,650,578,568,570,608,562,476,476,472,380,359,412,357,353,334,345,408,346,281,319,288,308,299,290,282,288,323,310,230,344,249,260,325,317,276,345,300,293,277,312,341,367,393,495,440,547,725	46888067
5	3076,1246,872,732,499,505,377,331,368,320,265,260,232,240,172,197,183,181,201,147,138,150,170,96,132,196,114,132,107,115,127,115,91,105,90,101,98,96,84,89,101,112,93,109,90,82,96,96,102,118,83,88,88,113,120,92,131,168,146,185,246	6848244	13519,4954,3197,2563,1949,1665,1426,1218,1167,991,897,869,759,715,629,656,567,557,599,532,502,465,484,405,385,383,372,375,345,323,383,318,275,293,276,303,266,296,251,261,324,277,270,337,257,249,301,282,280,342,280,279,317,339,341,314,426,497,459,569,716	46776198
6	2951,1250,799,689,532,450,468,326,373,295,246,241,214,247,169,195,168,183,182,134,139,136,138,95,126,157,104,100,98,98,107,128,88,104,72,106,100,86,96,94,95,120,89,102,94,108,103,67,104,92,83,124,97,123,129,115,111,146,181,175,234	6689608	13478,4948,3022,2405,1982,1585,1494,1237,1159,933,887,757,720,709,612,604,555,547,529,465,496,428,436,382,380,398,361,306,267,298,346,317,297,272,266,334,291,267,273,264,239,298,233,293,272,290,271,222,272,282,240,288,291,380,370,353,373,425,491,559,704	45584636
7	2856,1303,829,695,496,507,392,345,319,299,254,261,235,256,211,183,141,190,195,143,144,150,135,99,127,168,109,117,98,102,110,122,79,110,70,131,78,112,100,98,106,130,89,100,83,86,95,86,103,115,90,113,103,119,115,83,110,173,123,181,229	6753601	13357,4906,3142,2511,1900,1676,1456,1222,1088,948,905,870,794,711,708,613,550,580,592,510,495,432,444,382,413,385,388,372,317,307,397,304,259,303,244,326,255,300,262,270,300,296,240,276,237,261,288,228,280,325,281,304,308,341,364,313,387,488,440,546,682	46125587
8	3002,1234,878,683,533,547,380,337,325,356,274,249,284,240,218,189,197,180,183,134,140,124,141,104,150,155,105,103,97,130,101,119,101,87,84,122,107,97,98,100,100,120,69,87,86,93,69,81,89,115,106,106,69,112,116,113,132,178,158,198,226	6810216	13349,4775,3223,2482,1996,1587,1419,1222,1068,991,936,875,840,680,682,582,592,590,567,489,476,456,465,418,427,372,378,342,335,354,333,365,329,282,263,305,294,279,268,276,288,307,214,279,239,270,312,248,256,314,293,300,279,341,370,366,406,497,506,557,720	46328967
9	2995,1195,848,682,550,489,411,333,348,356,275,260,232,220,189,206,170,197,190,131,158,141,144,94,139,152,111,107,101,119,135,126,102,95,72,94,101,99,80,79,95,111,106,76,97,87,101,82,100,120,106,90,101,113,131,106,105,177,158,186,227	6748765	13609,4760,3170,2437,1942,1607,1476,1238,1124,1015,944,833,740,667,664,625,527,582,524,481,497,457,472,385,424,376,361,322,337,346,391,352,294,279,283,326,294,293,249,268,300,290,265,291,264,272,321,253,277,363,302,279,294,367,375,349,389,482,491,564,732	46046545
10	3021,1279,831,710,566,523,430,317,348,328,261,247,242,226,200,188,170,200,177,146,135,143,135,100,131,168,116,125,123,115,116,151,103,111,91,95,87,86,101,90,97,138,110,129,86,94,87,83,82,121,100,86,111,123,118,91,117,155,134,167,256	6847609	13849,5055,3115,2480,2057,1664,1536,1269,1154,1043,859,802,774,703,673,612,553,559,529,483,494,436,469,388,385,415,346,374,324,329,376,382,302,308,298,295,254,280,281,242,314,309,258,324,248,257,290,237,237,335,287,279,291,351,351,349,424,431,449,541,685	46594468
11	2896,1305,889,724,601,517,400,331,369,335,258,259,247,236,189,211,168,192,214,133,140,136,124,106,138,167,89,122,127,120,97,107,104,87,71,104,97,87,102,104,99,117,86,109,85,89,86,79,92,88,90,105,83,105,107,100,106,146,155,166,231	6818837	13333,4993,3157,2475,2026,1650,1467,1273,1169,983,913,810,783,750,660,651,555,559,606,539,476,441,440,419,415,410,312,331,336,354,363,307,307,305,321,311,273,266,278,282,268,306,235,304,258,264,301,251,284,298,293,323,277,333,349,355,381,465,493,514,675	46415675
12	2954,1260,845,657,516,522,421,326,370,345,244,292,281,215,182,192,195,169,198,166,130,128,152,108,150,161,103,113,101,123,91,129,87,106,69,124,77,103,111,93,93,125,78,95,85,78,93,85,87,99,105,113,85,124,95,108,124,162,143,180,227	6859969	13647,4883,3241,2452,1975,1666,1460,1286,1146,972,896,830,836,667,648,600,612,557,586,526,519,458,433,399,404,390,383,347,302,348,371,359,279,299,292,324,294,317,284,258,301,294,232,294,244,241,262,269,287,299,286,318,271,351,307,339,391,443,456,559,723	46709373
13	2933,1302,813,739,523,589,440,338,309,316,276,263,262,219,188,197,142,181,207,168,136,154,143,106,138,147,108,129,98,127,116,112,93,92,77,104,90,89,87,93,79,131,83,106,86,78,84,69,101,91,93,110,107,99,104,89,136,170,139,190,233	6827735	13442,4943,3136,2543,2045,1743,1497,1250,1129,1032,949,819,814,742,661,623,543,579,561,514,517,494,460,433,408,359,354,345,305,358,370,320,269,294,280,308,301,290,266,262,273,330,230,306,246,262,294,246,254,290,289,301,318,336,336,364,423,488,399,564,695	46569110
14	2940,1201,846,739,516,524,408,354,328,314,271,248,224,232,182,235,143,227,174,154,141,140,140,85,140,185,93,129,96,101,94,116,88,98,69,109,88,81,107,89,102,104,84,104,78,85,79,87,79,93,106,87,105,107,116,111,125,140,139,180,241	6817377	13446,4697,3186,2568,1897,1644,1492,1279,1084,963,910,803,775,679,643,665,497,616,592,503,459,438,458,388,394,410,335,395,325,317,320,325,294,286,268,324,311,278,285,272,318,315,248,290,221,250,278,260,266,263,299,287,318,332,362,356,385,463,452,554,705	46492811
15	2822,1214,858,754,513,529,407,303,342,297,283,267,247,262,191,206,184,163,199,156,159,142,129,89,128,163,106,117,97,95,110,131,115,107,75,125,104,90,86,100,109,103,78,103,116,88,71,100,81,108,79,102,84,136,116,95,96,153,147,186,226	6790204	13476,4935,3226,2578,1936,1673,1481,1256,1102,984,959,894,775,745,682,612,633,522,608,516,525,446,442,396,371,401,373,359,329,320,355,323,305,298,307,327,294,281,286,281,307,293,255,311,289,285,256,285,258,300,281,298,291,357,383,353,387,446,463,570,734	46234396
16	3031,1293,853,692,544,524,431,323,375,289,236,248,235,228,191,179,165,185,182,144,140,147,128,94,130,166,109,113,92,90,113,135,92,95,76,132,82,97,93,86,94,114,80,113,93,93,71,92,88,100,88,95,105,109,133,98,130,171,155,185,234	6857567	13655,4907,3241,2522,1937,1691,1487,1261,1157,926,846,790,765,729,673,607,498,582,506,504,443,479,411,394,380,413,348,363,294,308,395,349,283,289,270,335,303,311,269,254,291,296,249,307,245,256,252,238,263,319,282,289,283,352,359,369,433,486,481,569,710	46686697
17	2960,1270,865,729,527,465,391,324,317,299,290,248,229,224,168,230,161,202,189,162,155,164,122,102,146,148,98,109,88,98,110,132,91,102,74,117,71,91,93,86,77,126,93,95,96,98,88,80,98,104,74,98,98,110,121,96,130,159,165,154,226	6800827	13471,4912,3175,2484,1956,1644,1460,1233,1083,992,970,793,804,672,641,673,540,600,517,559,499,460,405,436,421,377,371,349,310,338,352,312,290,304,298,332,281,292,258,274,292,313,250,291,264,257,297,264,279,306,242,287,301,315,324,329,440,476,439,534,669	46316146
18	3075,1306,896,738,558,502,385,338,339,285,259,237,269,232,193,206,167,201,212,133,132,150,129,107,131,162,102,119,103,105,115,122,103,120,68,105,81,100,85,95,80,122,92,100,91,80,97,94,95,91,81,111,97,123,97,105,123,179,137,190,226	6859653	13751,5042,3218,2655,1959,1619,1453,1260,1091,972,940,787,810,678,693,633,564,545,608,490,461,485,445,433,433,419,357,363,333,327,414,304,327,332,277,304,305,287,281,307,268,317,257,283,250,261,301,268,275,256,282,333,310,337,331,361,384,469,453,601,714	46733193
19	3001,1224,874,734,527,473,425,349,342,309,242,255,250,249,172,181,179,174,159,134,138,142,139,110,125,164,91,100,99,113,104,144,83,104,74,113,89,82,86,90,99,109,82,124,95,100,85,89,88,102,84,110,87,103,116,101,118,147,140,175,233	6787050	13592,4978,3212,2493,1875,1632,1477,1242,1100,925,914,841,825,711,643,580,561,596,508,474,490,436,442,408,357,404,343,331,286,331,339,332,283,306,276,334,256,264,248,256,272,287,234,337,269,264,293,243,269,290,281,302,320,332,366,353,390,461,458,563,736	46381984
20	2969,1291,838,724,529,523,431,320,331,318,284,249,233,208,171,208,192,200,182,158,151,136,146,92,150,178,111,107,115,100,101,136,101,105,89,119,99,96,80,83,122,111,89,96,77,108,85,107,97,114,106,94,94,128,111,105,123,160,154,192,215	6847827	13716,4934,3140,2451,2017,1684,1492,1214,1164,993,981,827,790,664,667,636,556,547,577,505,522,433,422,418,405,387,339,355,312,336,345,329,274,295,276,348,273,278,240,273,329,273,260,307,254,270,275,279,274,331,303,313,308,379,350,362,416,455,469,582,716	46628161
21	2960,1212,836,673,520,522,409,338,335,320,255,210,242,240,174,219,182,193,212,138,132,140,135,92,135,155,121,97,97,111,109,123,94,86,84,100,70,93,103,88,98,106,80,94,93,89,104,85,80,111,109,99,78,124,131,102,113,170,143,175,249	6722973	13467,4708,3150,2473,1964,1613,1482,1234,1063,1010,934,776,751,699,633,625,596,622,624,506,456,440,435,405,385,404,354,291,314,306,367,317,304,266,294,288,247,290,276,251,303,279,260,307,267,262,301,254,269,295,322,299,290,320,371,338,376,429,439,550,705	45922990
22	3005,1183,924,679,523,515,404,315,342,348,278,257,242,259,178,187,164,185,170,152,133,139,144,93,153,173,117,122,113,105,122,113,101,102,76,94,82,91,101,106,86,143,54,100,97,85,86,92,95,107,99,89,101,116,136,97,113,171,159,174,248	6796377	13466,4847,3190,2405,1896,1649,1457,1177,1092,953,947,831,809,690,668,612,540,558,537,510,483,417,445,407,391,404,350,370,348,298,386,332,291,281,270,287,275,291,300,286,281,327,227,296,275,275,263,254,268,293,292,282,314,361,377,369,381,482,468,517,728	46394531
23	2971,1278,824,750,490,530,397,354,361,296,263,265,247,231,158,197,184,177,194,168,154,154,165,103,132,141,94,116,119,110,120,136,117,120,85,110,104,98,103,100,99,129,76,92,92,98,86,101,97,124,110,111,126,143,127,113,89,166,130,190,239	6861877	13624,4904,3100,2527,1924,1650,1463,1276,1174,948,941,825,791,692,651,632,575,531,568,538,529,493,475,412,369,373,352,331,353,335,361,360,340,335,308,327,302,286,295,273,314,316,229,306,271,277,299,278,285,347,282,293,322,380,365,376,352,435,449,562,724	46682268
24	3055,1288,828,725,544,493,399,351,337,302,290,257,277,240,175,183,156,204,174,176,144,160,118,97,136,161,110,93,110,109,111,135,87,109,74,115,73,77,100,79,97,104,81,107,96,83,86,87,100,121,106,104,92,112,134,99,112,154,157,183,232	6803199	13634,4959,3107,2470,1994,1665,1413,1206,1131,943,1031,832,827,703,676,566,542,618,572,559,486,467,392,421,409,400,359,323,307,368,412,335,299,309,286,320,247,286,300,273,323,277,245,293,265,238,258,261,258,326,290,289,272,300,391,350,385,477,445,553,737	46460807
25	2942,1243,892,708,533,526,405,329,356,328,243,245,244,224,195,198,167,187,182,127,158,154,150,96,145,170,112,127,117,111,105,127,76,103,89,95,94,96,99,95,104,109,87,106,90,104,94,95,85,98,106,99,79,120,120,82,117,179,142,169,279	6796437	13469,5079,3148,2525,1977,1638,1475,1262,1090,1019,933,798,745,681,664,588,575,572,560,479,483,474,481,396,436,422,374,339,349,312,360,300,292,281,303,303,259,293,292,274,311,260,230,329,244,286,297,281,240,301,276,303,296,339,314,316,392,493,458,586,748	46388006
26	2930,1250,928,659,561,528,400,346,352,318,265,210,224,234,171,212,173,182,210,146,140,171,141,111,117,147,123,135,83,108,97,123,89,102,69,120,106,104,85,95,76,110,79,80,81,100,68,95,86,95,101,114,93,112,93,110,119,165,152,178,219	6818663	13509,4849,3297,2422,1924,1670,1484,1236,1108,992,952,833,775,692,661,645,561,530,604,501,510,495,428,409,366,367,396,364,275,316,329,345,287,273,283,330,303,307,280,246,281,296,238,277,247,275,252,310,252,276,290,323,310,349,325,390,375,475,460,568,678	46543984
27	2934,1231,846,701,522,519,413,335,360,324,260,248,234,215,166,190,150,197,189,134,119,137,140,84,124,164,101,114,75,98,102,120,87,115,71,114,88,93,104,109,106,98,98,98,90,99,86,99,96,112,100,107,91,113,109,116,108,149,154,185,258	6801368	13533,4849,3111,2402,1908,1604,1466,1237,1122,976,915,817,736,651,647,609,555,599,588,494,438,455,413,369,382,426,362,344,300,295,395,327,273,302,257,306,294,284,285,279,299,273,264,304,258,266,263,289,273,311,274,296,283,317,334,340,375,432,433,554,752	46362200
28	2950,1269,846,720,531,512,400,331,367,299,278,232,218,243,169,195,144,207,180,158,133,151,153,118,121,144,93,96,95,117,114,129,106,93,90,113,90,76,98,74,107,117,74,90,85,95,75,79,107,91,83,106,77,119,107,90,119,165,150,175,227	6830820	13524,4999,3250,2546,2002,1701,1448,1219,1191,950,890,844,808,709,636,616,585,577,535,507,461,449,485,431,403,382,326,335,300,316,351,323,302,272,279,317,267,276,279,265,337,312,221,294,213,269,243,245,262,303,269,282,294,319,333,322,385,463,467,584,680	46525244
29	2977,1211,882,750,549,534,395,337,352,300,249,256,226,232,176,183,166,180,180,141,136,153,142,107,128,182,76,117,113,106,125,165,87,103,83,92,82,97,91,85,118,117,82,94,90,108,98,85,96,102,97,108,93,123,118,114,105,179,139,166,223	6791474	13504,4835,3123,2545,2039,1684,1446,1249,1162,968,911,840,775,694,671,602,534,556,541,550,496,497,444,409,371,413,366,372,321,336,353,370,288,280,259,291,268,312,254,286,329,309,235,306,256,293,279,265,238,341,297,283,293,337,373,376,383,486,446,551,717	46245699
30	2997,1256,863,691,496,525,407,308,341,315,264,241,234,216,159,196,168,184,170,157,109,146,160,92,145,154,119,106,99,111,118,130,86,94,80,108,71,84,102,107,83,125,78,99,97,83,88,95,102,117,104,106,94,104,122,114,119,136,177,192,262	6729519	13477,4851,3134,2378,1942,1631,1438,1197,1099,978,903,788,776,703,660,673,568,520,512,529,421,441,502,391,404,358,367,330,323,365,362,312,274,285,277,307,252,287,292,262,284,274,253,303,230,252,276,268,267,317,278,274,304,337,352,380,423,449,472,582,763	45923162
31	3006,1283,842,695,517,469,408,329,352,294,252,252,220,250,194,175,178,187,165,150,138,138,145,101,136,137,99,121,91,102,110,118,74,113,68,118,91,100,71,73,89,119,81,105,72,81,65,91,97,100,98,102,81,118,116,104,124,161,132,179,197	6702001	13562,4834,3115,2563,1968,1585,1525,1202,1082,968,896,804,719,722,690,608,575,567,523,497,522,478,442,446,383,352,344,324,311,312,373,311,266,317,298,335,286,300,241,237,319,314,232,292,236,261,284,262,277,261,274,308,277,363,335,373,376,484,428,587,632	45755834
32	2820,1290,825,679,525,519,376,347,324,300,252,271,247,241,204,191,161,165,213,134,148,152,152,99,149,178,124,114,116,96,122,127,100,112,76,119,91,99,84,102,82,109,74,120,82,90,88,91,78,113,87,91,79,91,100,106,108,151,156,171,225	6738420	13164,4884,3168,2437,1937,1662,1463,1269,1092,1004,913,817,800,685,719,611,586,551,604,513,526,479,442,418,393,399,348,358,357,305,416,312,299,288,248,335,291,286,240,278,290,294,233,315,266,271,297,254,257,315,273,278,282,302,350,356,388,483,486,529,720	45879170
33	2874,1208,877,731,497,539,375,328,331,310,268,238,224,208,161,193,184,190,178,137,150,166,162,95,122,153,110,112,119,122,114,116,87,87,84,102,92,104,107,91,91,111,90,89,93,105,71,103,82,97,78,80,97,106,109,111,115,139,156,176,223	6803932	13530,4765,3257,2504,1914,1699,1526,1222,1137,1004,923,778,745,687,625,600,567,543,572,480,519,481,466,395,384,370,401,365,350,342,390,300,264,293,295,319,292,313,272,262,316,305,269,290,284,278,262,282,261,317,260,270,293,348,329,358,401,432,457,554,708	46245112
34	3001,1257,868,745,535,529,427,311,336,298,257,258,242,220,178,196,187,187,191,164,138,167,140,95,131,174,103,125,110,83,99,125,107,104,86,107,96,106,83,85,110,115,83,112,96,86,74,87,101,114,113,103,89,117,119,102,105,154,155,147,225	6785718	13526,4971,3176,2585,2025,1704,1459,1243,1149,986,920,841,806,697,674,603,589,548,573,592,497,534,461,399,367,417,388,376,355,321,412,361,295,322,303,300,284,319,285,253,321,296,241,296,241,260,286,267,287,341,286,312,284,324,343,376,430,463,466,541,750	46443724
35	2888,1227,896,757,524,549,430,320,357,340,239,249,243,213,192,181,181,183,208,136,150,180,126,99,129,178,116,99,102,102,112,129,104,105,77,111,82,118,116,93,96,106,91,95,86,97,73,85,90,97,104,95,97,125,107,90,140,160,156,179,249	6794425	13387,4860,3236,2604,2042,1687,1554,1226,1149,1048,932,849,781,668,653,593,544,598,603,504,472,508,431,457,365,429,357,337,319,311,382,338,308,322,280,300,263,307,269,257,294,275,217,296,231,290,269,258,247,287,322,291,289,361,370,335,415,467,460,548,767	46263852
36	2961,1280,863,748,529,559,369,364,341,310,260,269,239,226,154,188,182,188,204,150,152,147,148,111,150,148,120,113,109,112,126,130,97,104,85,121,76,88,100,89,86,112,109,108,90,101,90,100,89,101,84,115,104,122,139,102,128,151,152,188,267	6832930	13648,4802,3104,2585,1958,1648,1418,1220,1095,1023,918,828,740,724,630,620,578,541,576,545,556,464,424,467,419,373,376,357,318,342,410,348,268,323,291,318,256,269,297,261,314,272,254,321,227,284,256,275,252,309,246,329,323,351,376,358,408,438,459,545,798	46547814
37	2971,1294,843,682,528,566,411,333,362,317,276,295,259,221,182,189,156,173,182,154,142,160,133,122,129,163,109,121,82,105,107,124,79,109,72,120,103,91,105,87,89,130,78,102,93,123,75,93,89,91,91,87,106,106,115,115,121,157,165,177,254	6892016	13744,5106,3252,2576,1976,1739,1477,1280,1179,976,924,894,810,683,672,604,588,535,621,553,523,487,442,466,357,401,380,387,295,328,381,310,257,314,275,324,276,276,275,290,318,316,235,332,246,315,277,245,255,276,280,287,314,332,357,394,408,471,478,614,750	46985062
38	2958,1197,860,663,493,531,425,334,319,346,243,230,244,233,198,197,183,205,220,154,166,142,165,101,136,169,114,94,110,121,107,114,96,101,87,125,106,92,112,85,78,123,94,86,104,90,93,83,115,111,89,101,116,119,122,89,107,166,143,171,250	6751826	13608,4763,3167,2500,2010,1673,1504,1264,1086,986,865,815,797,677,635,675,584,595,586,555,543,447,487,441,370,413,337,333,303,352,362,334,289,285,275,350,281,275,252,239,290,314,247,286,272,261,287,251,272,311,271,296,316,323,327,304,379,473,449,545,692	46009900
39	2998,1208,878,669,527,487,425,351,319,316,275,236,247,244,173,197,173,210,169,149,154,136,134,94,140,136,106,117,84,101,122,130,102,108,81,108,87,101,97,90,96,126,82,120,104,83,82,74,77,113,109,125,108,112,112,98,113,146,160,208,219	6831425	13644,4897,3217,2441,1953,1602,1573,1266,1100,948,906,797,829,712,674,646,595,581,538,534,486,454,433,416,378,345,358,342,305,341,358,337,293,312,258,310,280,272,267,271,288,311,248,338,265,264,285,240,272,309,295,313,322,321,344,346,373,447,489,624,687	46632656
40	2878,1245,835,732,540,557,400,340,333,298,283,217,239,252,183,209,159,171,192,148,133,146,146,98,146,164,110,97,108,115,116,111,99,80,71,115,99,102,116,73,91,101,86,98,90,84,96,94,95,86,109,96,94,110,113,101,118,168,158,173,233	6793264	13467,4841,3164,2503,1964,1690,1444,1201,1067,1005,904,784,783,690,639,629,550,554,600,521,425,456,450,407,368,397,365,348,288,326,373,291,272,262,254,341,302,317,307,223,307,285,225,306,257,281,300,262,284,280,300,304,296,346,361,360,363,474,462,544,741	46294464
41	2855,1220,861,716,495,500,397,350,329,321,264,260,239,246,193,190,141,188,176,143,162,143,156,109,124,178,105,128,99,110,119,129,112,104,71,131,76,105,101,95,98,117,85,106,98,111,79,101,82,115,102,83,105,106,116,93,128,164,154,167,213	6850136	13457,4862,3149,2597,1960,1704,1490,1285,1106,1000,935,854,773,748,675,575,545,576,566,513,505,451,460,422,384,410,382,372,318,356,380,339,306,315,273,348,244,277,260,267,298,306,230,301,268,277,278,273,261,322,266,282,294,320,353,337,418,492,472,556,645	46626690
42	2945,1286,837,716,537,528,416,318,304,342,261,264,245,274,193,173,188,203,180,156,144,139,141,88,112,169,114,128,91,117,101,139,83,120,85,93,89,97,84,117,92,108,89,106,116,78,80,104,94,92,99,118,77,106,110,108,107,137,158,170,224	6813396	13770,5050,3120,2541,1933,1717,1540,1227,1044,1017,938,835,800,778,696,613,618,638,566,534,482,464,451,436,376,404,362,373,309,336,369,353,289,279,277,284,268,298,284,319,310,287,248,328,278,242,290,314,253,291,289,316,275,329,375,388,373,447,470,566,697	46530885
43	2964,1237,858,697,544,489,437,327,339,330,244,232,273,238,183,177,180,198,170,157,142,140,139,112,139,168,89,129,91,99,103,98,81,106,87,116,100,101,103,82,77,93,103,90,86,92,91,96,96,102,92,90,84,116,122,99,105,149,123,210,235	6742688	13366,4772,3210,2420,1916,1615,1450,1229,1085,1034,904,819,811,712,655,610,557,601,538,498,510,454,407,447,378,410,374,355,314,317,331,301,278,300,317,322,313,317,267,262,273,270,235,295,278,275,304,264,260,286,289,257,267,351,367,376,375,428,419,622,735	46019828
44	2948,1280,820,682,523,517,402,365,359,310,267,245,246,232,154,197,160,187,180,145,140,138,129,93,137,157,92,111,101,118,102,128,79,117,73,114,102,98,94,91,95,163,95,102,94,91,75,84,92,113,77,111,85,126,102,102,115,171,149,172,235	6793554	13558,4916,3085,2428,2006,1620,1465,1282,1137,968,973,830,794,697,674,630,499,515,536,485,498,468,445,387,406,395,338,356,322,354,338,313,289,318,282,308,284,290,262,278,313,329,246,315,273,265,281,275,267,316,250,288,279,350,332,346,384,482,464,527,746	46289257
45	3027,1205,869,696,537,469,417,351,381,315,263,255,245,235,168,186,149,162,198,159,140,147,147,113,161,165,99,101,92,121,97,132,99,95,73,130,76,92,90,88,99,118,75,90,89,87,86,92,92,89,112,107,100,121,127,107,129,160,155,184,214	6793447	13576,4891,3180,2452,1999,1557,1511,1228,1177,940,916,785,745,693,589,615,515,547,541,517,483,472,422,379,424,389,337,343,299,332,361,310,285,280,287,320,268,299,248,260,286,293,235,299,229,249,275,252,244,297,300,290,319,353,355,377,414,472,478,573,703	46334737
46	3068,1251,875,666,530,512,398,320,343,326,274,253,232,235,211,188,151,178,178,156,161,151,120,104,140,181,122,118,113,115,110,122,100,122,70,121,87,87,93,98,82,136,93,98,100,81,82,85,90,129,98,94,87,107,136,124,118,187,134,181,231	6862015	13687,4892,3188,2447,1955,1678,1544,1206,1118,1017,939,835,845,707,695,609,518,569,545,554,547,470,451,388,417,430,426,380,378,364,413,326,302,315,279,346,279,271,275,291,292,328,228,328,280,236,271,263,264,365,287,304,300,362,379,376,423,503,495,574,702	46840164
47	3030,1296,865,704,528,502,402,337,354,277,260,243,264,209,202,217,167,211,191,129,145,157,138,87,158,163,105,122,93,111,104,112,91,111,71,119,106,93,85,82,102,133,88,101,98,94,80,93,90,82,95,86,89,103,116,100,115,165,140,191,226	6865007	13657,5108,3168,2540,2011,1657,1481,1239,1136,987,910,822,770,668,709,653,559,612,597,510,482,474,454,434,387,391,352,351,325,354,371,311,281,320,258,323,310,285,283,267,302,315,236,310,246,275,270,262,245,337,277,259,277,348,345,363,419,455,434,589,703	46741269
48	2867,1288,862,729,497,478,410,334,327,337,251,229,243,212,192,197,140,154,177,173,134,127,125,100,148,138,88,110,108,131,98,130,89,82,72,110,84,91,109,88,105,107,81,106,82,99,76,102,89,104,109,94,97,122,119,105,102,140,140,188,237	6754843	13235,4804,3227,2492,1939,1592,1439,1281,1082,1006,904,803,803,707,644,630,494,497,518,549,439,438,414,389,414,374,311,334,330,320,360,319,271,272,271,286,259,291,313,269,290,309,225,294,252,277,268,259,243,289,319,307,299,348,361,375,362,428,453,620,743	46119600
49	2833,1271,853,699,530,501,417,323,322,322,261,223,235,233,159,194,166,184,169,150,131,150,123,102,117,173,104,115,91,113,114,113,76,70,82,103,78,88,87,96,96,104,81,105,116,77,68,78,92,101,83,94,99,122,114,106,114,170,165,172,249	6713735	13228,4925,3096,2452,1976,1657,1502,1208,1065,1026,894,762,772,725,635,601,573,554,557,551,463,478,416,390,389,394,362,326,299,316,357,332,280,291,274,304,253,268,253,252,302,277,240,312,310,237,275,239,240,279,247,277,307,335,341,362,376,464,435,552,740	45922344
50	2960,1194,842,716,551,519,388,324,356,303,252,217,231,234,189,201,162,192,183,136,146,126,138,115,136,173,77,115,103,107,126,120,88,104,63,109,75,108,91,75,108,131,76,98,97,93,74,96,90,104,86,88,107,101,115,102,131,173,178,165,249	6741954	13404,4820,3062,2501,2017,1663,1456,1230,1101,960,880,766,730,684,672,630,563,581,530,504,482,457,441,437,378,413,327,343,326,303,434,318,301,283,292,308,268,323,252,282,309,310,243,277,247,259,243,256,256,278,272,265,312,348,346,345,432,476,487,536,698	45991150
51	2962,1253,839,722,516,529,403,336,337,309,265,222,235,219,199,201,157,176,180,157,149,140,136,96,153,150,108,148,116,122,118,123,94,98,84,104,99,88,105,110,91,123,98,106,86,78,93,68,87,100,95,107,83,115,115,108,146,149,145,180,252	6819566	13294,5024,3111,2579,1946,1704,1465,1224,1118,968,910,780,771,675,656,600,570,565,570,498,487,469,414,393,397,366,340,362,363,340,388,321,287,263,290,335,282,272,264,296,303,312,238,317,241,237,275,236,283,300,279,298,287,328,342,366,429,401,436,546,730	46461851
52	2884,1274,831,737,495,491,382,352,332,299,274,241,259,222,188,205,164,185,178,169,145,162,130,93,131,145,119,105,99,125,85,131,86,97,80,108,87,97,105,87,97,108,91,100,83,91,76,110,84,97,82,104,98,127,126,115,121,166,158,172,237	6714348	13286,4910,3147,2588,1872,1546,1440,1245,1128,1021,930,793,742,715,674,586,520,554,571,508,511,474,407,437,435,384,373,386,322,345,371,349,306,274,275,301,267,277,267,252,319,281,225,300,243,242,279,260,263,285,294,293,283,345,346,363,376,476,459,586,722	45790955
53	2987,1350,851,683,595,508,439,336,342,300,236,231,261,262,201,192,143,179,212,153,141,162,146,104,135,180,107,124,109,86,108,134,114,99,68,123,98,81,88,92,98,115,81,103,95,81,64,91,99,106,83,112,87,100,120,98,108,167,139,173,238	6770619	13314,4931,3116,2522,1991,1672,1553,1255,1099,979,928,837,811,758,663,617,544,545,545,543,488,488,474,406,385,382,338,348,329,319,373,334,302,263,254,330,270,273,261,288,301,284,223,320,257,251,265,240,260,304,272,319,267,330,365,369,359,463,446,552,730	46121961
54	2976,1307,873,678,494,506,435,337,344,313,256,255,268,278,205,190,163,171,159,156,159,149,144,96,134,178,100,95,103,99,98,138,85,93,86,115,81,86,105,83,93,101,88,107,105,85,95,79,104,116,92,109,86,122,112,115,128,161,146,183,239	6796439	13470,5022,3193,2435,1933,1648,1585,1199,1096,990,945,851,808,766,687,633,548,567,535,552,485,495,439,391,399,404,359,339,315,328,374,370,301,308,330,340,287,291,284,260,298,287,241,307,281,257,293,244,253,347,267,326,278,345,344,357,405,473,429,545,708	46372580
55	2951,1225,885,691,525,523,424,336,332,319,264,241,221,232,189,217,188,191,184,164,142,130,141,108,118,164,94,115,104,111,106,123,95,93,63,109,81,99,94,63,81,122,74,101,95,82,87,98,77,99,129,92,98,104,131,99,101,149,144,185,250	6773143	13393,4921,3207,2489,1987,1572,1437,1244,1131,995,926,872,717,708,705,609,626,561,614,576,467,453,437,401,364,368,346,336,303,305,371,316,275,278,266,333,253,318,276,240,256,312,210,294,267,233,289,268,265,320,323,282,299,320,370,357,352,443,474,583,708	46180786
56	2908,1247,897,684,507,512,387,342,355,338,267,259,222,192,180,194,196,183,185,173,158,126,130,98,117,160,109,96,86,115,128,109,87,96,70,108,76,101,82,101,94,142,74,96,94,95,82,94,80,87,102,93,106,99,118,84,123,175,130,195,235	6785669	13392,4921,3159,2459,1931,1658,1508,1278,1140,1011,934,812,801,661,656,600,592,589,535,542,544,459,459,409,349,432,355,346,286,356,366,312,286,289,263,327,300,295,254,269,274,343,214,288,250,262,270,251,254,277,310,279,326,335,356,355,372,449,454,595,718	46273494
57	2931,1282,894,731,497,533,390,362,331,310,254,254,261,216,184,184,176,163,189,123,141,141,120,97,131,158,109,116,94,104,117,125,97,112,77,106,76,93,105,81,106,148,90,114,100,81,87,87,113,114,105,121,85,137,114,121,93,154,169,181,246	6808019	13612,5089,3191,2515,1965,1662,1446,1275,1114,989,878,857,774,648,647,606,542,523,571,462,518,458,427,405,419,409,393,362,294,317,359,363,315,318,317,293,243,277,272,253,300,347,256,313,226,257,264,248,288,308,298,336,263,353,350,401,334,452,489,562,781	46354582
58	2910,1284,855,722,513,480,416,341,322,331,271,218,262,227,180,161,158,201,206,152,146,151,141,97,128,150,112,118,95,116,117,133,85,101,67,95,87,72,106,85,90,120,81,116,84,98,80,83,90,90,95,104,76,116,113,107,103,153,148,178,219	6751275	13503,4894,3215,2529,1916,1616,1486,1247,1084,991,937,810,820,681,664,529,554,544,563,501,497,461,461,425,387,373,370,341,318,359,365,321,261,295,254,301,271,272,286,265,288,307,232,300,218,272,282,268,272,282,273,299,267,325,341,358,350,467,451,561,683	46127879
59	3059,1289,880,758,527,512,401,333,346,318,274,243,235,223,176,192,195,202,182,159,148,147,130,87,126,145,115,123,113,101,124,123,87,107,88,116,100,88,98,102,105,121,95,129,80,87,97,91,99,98,90,106,100,118,102,119,132,142,154,192,223	6948836	13856,4976,3181,2596,1993,1694,1405,1246,1136,1036,898,834,725,707,610,606,599,561,546,493,531,474,437,390,368,352,374,344,329,312,397,332,260,314,291,305,285,311,259,298,288,302,257,349,227,241,266,276,269,315,284,310,306,369,331,372,415,439,443,565,710	47297319
60	2956,1289,869,716,537,490,424,300,366,280,233,251,248,218,205,178,160,172,177,131,152,144,142,100,114,163,103,103,98,114,106,126,110,92,86,119,102,102,106,110,96,135,83,111,79,91,93,79,80,119,100,96,89,120,119,115,133,192,146,192,247	6803043	13494,4886,3228,2489,1980,1520,1468,1183,1138,964,874,810,754,716,690,613,563,551,574,476,479,494,481,409,363,420,370,320,297,321,356,319,268,260,289,326,304,292,278,300,293,331,242,317,267,260,276,259,232,313,291,305,270,336,363,404,377,478,478,570,707	46331571
61	2998,1238,894,744,537,517,410,341,322,320,268,258,258,243,176,212,148,179,194,151,125,156,124,96,116,178,106,129,94,130,100,131,89,102,65,124,79,94,97,87,99,122,77,112,84,112,84,106,84,86,85,101,99,140,116,119,100,166,167,184,212	6799315	13524,4897,3050,2500,2016,1709,1497,1205,1132,997,920,821,828,710,667,629,555,528,551,523,459,468,416,364,371,421,339,368,288,344,341,335,290,285,259,326,264,288,264,265,310,279,217,301,238,285,307,257,228,295,298,282,290,366,390,371,366,458,456,584,671	46387987
62	2926,1284,901,693,517,521,385,342,318,307,261,238,226,238,177,176,181,206,224,142,138,139,152,96,122,170,111,103,103,93,115,133,83,103,80,117,103,79,94,95,95,107,76,84,90,95,92,81,93,118,71,92,83,111,118,101,108,166,181,200,265	6768163	13438,4942,3192,2411,1868,1620,1478,1216,1119,1004,889,809,684,696,638,585,574,548,568,497,489,472,438,380,391,409,357,333,327,319,344,313,250,292,293,310,270,275,250,267,292,265,217,305,253,280,297,240,262,299,239,297,298,346,346,346,368,446,456,561,724	45971294
63	2953,1287,869,666,518,471,423,337,321,316,278,257,260,220,180,220,170,177,192,150,126,136,132,111,139,142,107,122,86,111,104,114,92,106,66,111,86,99,93,87,98,122,93,97,91,81,101,80,99,128,85,105,82,104,108,112,112,181,159,185,237	6711138	13339,4962,3139,2440,1862,1555,1432,1217,1134,974,925,844,781,666,634,654,537,537,612,512,456,421,467,436,411,374,407,385,299,321,381,296,291,309,261,300,275,278,252,254,291,303,251,306,271,261,302,235,280,332,283,303,269,341,347,350,355,488,476,606,729	45772547
64	2957,1283,819,692,545,518,398,310,382,325,255,260,247,233,162,186,173,191,200,136,148,158,123,97,135,175,100,118,108,115,108,130,101,98,69,110,94,82,88,84,90,111,72,108,103,80,104,87,84,127,93,102,99,112,126,94,145,156,153,167,238	6843924	13401,4985,3125,2427,2018,1665,1486,1270,1147,1023,888,832,801,758,638,636,581,547,577,496,490,476,448,409,376,389,338,341,334,319,368,346,301,294,267,305,271,257,277,277,292,300,226,319,264,242,305,249,265,339,277,300,295,353,362,350,434,473,483,560,695	46602133
65	2952,1187,842,695,575,526,412,330,362,300,222,274,232,230,180,198,176,221,196,138,148,146,155,96,144,183,120,98,98,144,128,135,98,99,86,109,75,100,92,96,104,112,80,96,109,85,79,81,90,110,115,92,101,110,129,87,120,164,160,154,240	6788749	13652,4807,3161,2509,2012,1669,1467,1293,1134,997,855,854,793,706,646,607,570,609,563,513,473,473,430,394,397,414,379,332,312,353,420,387,294,301,273,334,266,311,251,274,304,277,239,290,278,262,295,242,239,280,273,267,297,336,359,344,395,461,451,536,729	46380771
66	2945,1303,814,710,555,542,401,363,312,336,245,270,232,224,192,222,162,191,192,140,135,151,142,94,130,161,96,110,95,124,128,147,109,107,93,131,81,94,94,87,102,159,93,97,92,86,80,91,88,107,100,118,110,123,117,100,145,134,160,183,205	6758073	13435,4902,3100,2514,1925,1714,1419,1249,1076,962,852,819,780,695,667,650,561,586,557,472,476,476,481,403,387,371,363,319,290,355,380,329,314,265,299,330,271,296,275,275,286,338,263,321,265,265,268,255,264,306,295,290,287,360,324,370,432,464,448,551,717	46039972
67	2985,1265,869,723,514,494,402,352,340,352,243,251,209,253,190,211,160,189,173,142,140,148,135,98,137,150,122,128,117,115,91,114,95,104,69,124,101,88,84,108,84,102,93,99,84,90,77,78,82,99,97,105,85,118,123,102,108,160,161,180,226	6761677	13293,4817,3090,2530,1903,1608,1449,1292,1127,1047,935,843,736,721,635,599,533,567,541,501,454,448,425,384,385,378,382,343,372,326,334,342,301,306,273,315,290,295,279,280,292,315,248,314,250,258,261,240,257,301,296,291,313,367,362,387,424,454,458,545,671	46144726
68	2962,1330,804,755,518,532,440,362,312,299,265,276,232,232,173,191,169,225,187,178,154,147,152,91,136,167,95,113,111,130,105,116,87,99,71,102,90,96,91,112,98,105,97,128,97,89,75,98,81,105,95,79,97,120,118,101,137,157,146,150,254	6833366	13641,4941,3104,2674,1971,1716,1502,1271,1093,1028,909,840,786,705,641,625,591,600,562,554,543,465,499,387,403,378,367,329,332,352,357,322,255,295,268,280,293,292,260,280,299,286,252,306,268,280,300,248,266,318,280,291,311,376,338,396,409,446,449,547,731	46508622
69	2965,1243,824,692,522,500,418,333,315,290,281,233,262,225,169,207,185,172,202,131,143,151,121,114,142,159,96,112,102,114,121,134,103,98,68,104,99,84,99,89,80,119,89,97,73,82,94,95,79,85,92,94,103,119,122,95,124,158,151,178,254	6756328	13621,4884,3118,2483,1937,1621,1435,1226,1068,928,890,817,760,729,634,622,556,558,590,473,479,471,426,396,411,397,334,369,323,324,378,342,296,288,265,320,261,282,267,252,285,297,239,263,236,248,278,258,259,301,281,271,278,345,339,329,386,474,437,537,754	46113948
70	3029,1253,864,711,531,492,384,325,352,284,298,246,226,215,190,228,152,198,184,147,123,140,158,93,135,157,93,128,91,111,108,116,105,108,68,118,106,77,92,99,105,106,92,106,93,95,100,86,79,109,93,108,81,120,119,119,122,172,134,182,211	6858819	13765,4835,3131,2499,1924,1690,1480,1247,1105,952,989,851,752,683,647,652,556,614,527,510,489,457,487,399,379,421,368,357,288,323,355,356,305,318,306,345,309,289,279,288,310,305,265,335,263,262,305,267,237,296,270,290,272,350,360,393,367,473,458,549,708	46588240
71	2941,1320,861,724,499,539,398,355,306,324,247,252,255,213,190,184,152,189,189,165,136,134,135,105,124,164,84,107,97,115,107,148,99,104,73,135,91,92,93,78,86,113,76,100,87,96,90,93,87,94,93,105,83,110,135,100,117,144,159,166,226	6759912	13519,5015,3162,2610,1918,1740,1497,1227,1080,1076,911,820,815,658,641,614,530,564,563,518,486,439,433,417,362,346,330,361,311,324,385,361,302,309,281,341,289,278,257,257,280,281,222,290,242,281,271,267,280,271,285,297,275,332,360,366,371,440,471,569,724	46220656
72	2901,1269,841,713,557,519,443,313,331,291,240,262,246,247,153,194,158,184,191,142,136,136,131,106,137,167,85,122,113,118,111,138,107,84,84,111,99,83,96,108,110,116,87,92,107,108,91,81,106,101,105,97,110,103,111,114,116,155,137,181,251	6844864	13646,4929,3153,2544,1983,1653,1569,1236,1096,949,871,854,780,720,613,623,572,609,563,505,470,428,458,399,408,436,382,374,344,378,369,333,286,290,310,320,312,298,276,303,302,297,226,307,281,285,295,264,281,309,274,300,308,333,338,365,362,430,444,584,723	46621349
73	2906,1247,874,722,515,479,407,327,343,328,257,232,236,233,199,187,163,200,179,136,168,161,127,99,109,156,111,121,90,123,117,129,86,101,95,119,94,94,100,90,92,127,69,98,88,93,89,83,71,99,99,105,104,100,124,94,130,186,126,180,210	6757956	13227,4827,3059,2613,1965,1664,1495,1251,1080,999,920,807,767,679,656,601,575,562,545,485,533,519,436,384,356,397,347,353,293,347,385,327,304,309,297,301,266,255,278,289,292,310,234,310,234,277,331,230,254,295,303,304,292,319,366,349,395,490,463,556,640	45901053
74	2809,1246,850,684,534,497,388,339,323,302,290,215,229,232,178,186,199,175,174,141,151,139,146,95,137,176,98,129,103,81,115,151,95,117,91,113,85,76,104,91,78,112,72,86,95,105,100,100,88,99,117,108,98,139,108,104,109,174,141,169,223	6805148	13390,4846,3175,2453,2028,1594,1495,1259,1115,944,940,813,802,690,685,605,617,569,606,512,520,484,464,446,390,410,356,386,290,323,369,360,301,338,308,327,301,278,241,233,283,279,215,286,293,276,283,300,258,294,307,312,278,367,367,347,366,459,443,516,689	46535193
75	2909,1252,923,739,527,535,425,334,316,307,260,246,241,227,188,223,186,208,189,153,138,142,130,102,134,167,105,114,103,119,97,106,86,112,81,121,101,95,98,112,98,111,96,99,101,91,115,97,89,104,100,105,98,111,126,97,135,181,161,165,236	6831632	13387,4966,3275,2599,1947,1616,1501,1265,1100,950,930,832,767,686,651,646,560,586,531,535,490,445,418,394,421,397,353,332,313,354,342,312,272,323,280,315,295,277,286,283,291,290,265,319,234,260,319,269,270,324,307,322,320,357,375,360,421,496,468,552,738	46555783
76	3039,1270,836,731,518,536,454,352,343,320,260,275,233,223,186,187,177,172,188,137,139,139,128,97,130,142,97,109,97,134,109,136,112,101,84,110,92,80,104,100,94,124,93,116,107,115,79,83,105,109,95,101,82,108,114,104,113,167,161,198,237	6884602	13790,5059,3103,2540,1873,1701,1515,1250,1139,977,916,804,782,694,625,605,576,581,534,511,471,462,428,384,410,364,339,349,319,370,381,326,315,316,295,334,274,279,283,278,291,273,249,311,284,355,273,233,296,318,308,292,256,330,325,351,379,468,457,607,746	46768261
77	3117,1195,903,768,514,508,405,336,362,320,268,253,234,213,192,206,169,169,195,127,159,146,130,91,139,163,93,126,101,122,121,126,96,112,74,98,93,114,101,94,78,113,83,90,106,95,87,83,95,112,95,102,94,109,110,101,130,151,128,168,224	6861962	13893,4971,3356,2645,2004,1617,1509,1269,1173,973,893,848,793,718,689,633,557,570,580,511,521,466,459,397,390,386,342,357,343,370,430,355,302,322,299,306,300,328,291,280,302,308,222,313,272,298,319,287,278,334,309,293,295,354,333,351,378,445,453,569,705	46843066
78	3068,1246,872,710,490,480,413,355,367,321,277,259,251,255,166,206,175,192,191,145,143,168,151,97,135,169,114,112,99,119,122,133,106,83,84,98,98,97,113,95,103,114,75,106,106,106,77,86,94,84,96,110,88,115,120,83,138,165,148,158,228	6832255	13918,4799,3261,2509,1938,1591,1416,1273,1134,1021,887,854,794,774,617,649,593,586,592,521,516,491,476,398,409,397,381,343,316,364,407,351,316,294,277,291,292,283,314,285,280,287,239,319,266,299,292,259,255,284,267,304,265,334,367,329,395,451,448,495,726	46703055
79	2850,1183,852,651,497,486,420,308,347,344,259,246,259,233,179,198,136,207,168,174,146,137,156,99,141,178,92,112,100,107,131,121,86,110,63,108,95,104,102,84,105,116,93,91,93,94,85,74,83,100,78,108,72,127,120,95,111,156,150,196,239	6786751	13383,4843,3141,2400,1870,1560,1519,1181,1142,1000,943,808,794,673,651,611,523,589,521,541,485,482,477,404,400,403,358,369,335,325,380,315,268,307,267,309,314,294,272,272,340,313,254,285,272,274,285,242,245,296,266,318,251,346,332,342,390,422,487,589,729	46303904
80	2913,1239,862,699,518,522,375,316,305,304,259,232,232,240,203,161,188,182,203,127,135,144,133,94,138,159,94,121,106,119,97,125,92,98,69,112,85,90,106,87,107,120,92,91,87,101,85,93,101,124,107,106,93,126,124,105,107,170,177,157,214	6799324	13277,4934,3209,2480,1920,1625,1450,1242,1089,992,906,813,802,689,673,567,509,548,559,475,451,459,446,387,381,362,354,346,309,350,358,344,291,284,264,297,289,313,272,253,307,298,254,290,261,293,282,258,253,320,290,302,273,379,383,382,355,454,492,523,689	46324007
81	2946,1240,896,687,556,516,366,367,316,349,265,277,283,245,192,194,172,183,200,169,159,152,121,81,122,160,100,110,100,130,122,136,95,110,93,142,84,88,90,92,96,109,81,110,85,86,76,88,84,104,94,90,83,118,118,96,107,173,176,175,205	6808487	13328,5060,3174,2509,2008,1661,1452,1306,1070,1043,901,865,814,748,650,641,571,584,588,559,547,458,421,373,407,397,382,355,329,338,387,348,304,337,317,339,292,294,258,283,295,304,254,313,230,268,247,285,276,314,259,306,264,355,386,343,373,500,501,565,727	46385093
82	2992,1283,882,700,510,465,379,349,357,329,269,246,254,224,184,209,159,169,186,152,151,153,134,84,128,165,119,122,105,110,112,120,105,96,70,113,77,103,104,82,90,135,73,113,107,80,81,73,90,93,97,103,104,101,127,97,118,149,154,175,248	6913464	13830,4869,3138,2389,1968,1655,1464,1249,1160,1043,925,835,803,699,691,628,560,543,577,580,505,481,441,368,385,396,378,341,307,337,358,318,314,301,291,287,279,308,291,260,323,338,224,378,291,253,271,247,272,309,281,332,317,333,365,363,394,488,462,552,702	47171453
83	2963,1287,779,736,532,533,395,338,364,338,246,281,224,247,174,192,165,175,183,150,133,137,124,99,123,176,94,111,91,108,122,104,120,102,77,115,96,87,85,119,96,119,81,94,103,83,94,98,95,94,81,109,87,134,120,112,121,147,187,177,213	6815343	13504,4993,3118,2552,1891,1664,1472,1191,1145,987,896,866,764,747,639,609,532,562,525,511,480,432,429,400,387,432,375,358,326,316,395,317,320,292,295,322,287,247,242,312,325,294,247,303,276,251,282,270,256,306,272,326,313,355,338,349,399,447,526,542,653	46383194
84	2933,1252,805,714,560,491,432,366,349,350,275,280,238,237,179,192,160,179,197,168,165,166,135,90,128,158,127,126,82,142,120,118,90,107,81,116,108,87,97,92,97,121,101,106,84,97,87,114,89,97,104,95,108,112,114,113,118,167,152,208,230	6857898	13550,4927,3226,2641,2000,1621,1519,1354,1096,1053,974,865,793,705,700,614,532,562,567,536,513,474,453,387,382,389,396,362,296,393,379,316,287,303,282,339,306,260,281,249,271,304,277,323,248,260,300,290,270,320,298,301,311,371,339,367,398,494,505,607,694	46708533
85	2829,1248,805,679,528,507,442,325,316,312,238,247,252,229,200,178,157,191,171,146,157,143,136,85,130,170,117,118,108,95,114,119,94,106,69,112,79,101,114,104,103,109,80,104,90,92,74,96,92,110,87,84,74,101,125,106,114,175,140,172,227	6741446	13254,4842,3123,2493,1900,1629,1460,1228,1057,958,841,844,803,681,685,606,595,559,529,520,537,459,440,399,386,382,386,374,360,314,400,328,300,328,249,324,295,267,282,270,283,317,226,307,260,253,259,248,276,293,261,283,268,317,348,343,368,440,432,545,700	45924167
86	2958,1277,840,730,553,566,376,371,347,293,248,241,241,262,198,194,187,212,204,176,158,146,153,81,145,181,109,107,115,100,117,133,91,94,63,111,90,103,108,99,93,123,96,81,78,83,87,90,98,104,87,89,88,106,129,88,116,157,136,173,228	6787865	13542,4891,3182,2537,1977,1679,1414,1307,1200,973,940,819,755,734,645,610,584,589,606,549,470,457,481,404,380,397,369,333,296,323,376,331,294,260,230,288,279,299,282,282,302,294,279,307,251,267,294,243,262,264,272,274,301,343,352,347,399,450,434,559,704	46294632
87	2974,1185,883,677,516,530,407,329,328,294,239,244,239,237,189,177,138,192,193,144,155,152,155,91,138,160,98,124,94,88,128,126,97,112,72,101,93,79,89,78,95,107,94,93,90,83,93,83,107,109,69,91,91,117,94,103,108,172,143,175,226	6796055	13438,4848,3150,2593,1918,1668,1486,1228,1109,953,861,821,781,723,626,608,509,567,578,540,485,470,468,374,402,401,349,371,305,304,385,314,285,310,278,328,313,278,246,256,298,282,239,283,263,253,284,273,285,319,265,293,275,352,332,349,362,485,453,545,697	46426878
88	2983,1320,906,751,502,567,433,369,321,308,259,253,270,267,192,216,180,214,195,150,117,160,143,99,114,165,109,122,100,112,120,123,83,112,78,127,105,88,105,101,103,125,77,104,107,103,73,86,95,103,96,112,91,131,120,99,117,178,162,189,228	6889862	13613,5103,3223,2590,1908,1711,1497,1313,1114,972,895,794,816,758,680,640,596,578,564,496,432,480,467,383,351,397,366,366,312,302,358,333,270,290,305,322,313,319,268,295,306,309,249,318,290,323,273,259,281,303,288,314,297,321,359,354,401,461,471,568,682	46899103
89	3020,1319,862,711,508,496,384,346,333,322,255,244,249,239,162,178,163,179,185,149,152,145,134,89,134,174,123,117,85,111,114,127,106,96,68,132,92,91,92,76,94,127,87,102,82,82,98,85,105,90,87,96,89,133,113,90,150,168,160,182,229	6795943	13548,4955,3127,2548,1969,1614,1484,1294,1129,1016,924,819,742,664,607,565,562,593,564,526,484,482,451,426,420,434,378,349,322,328,370,331,287,305,266,339,297,300,257,271,295,328,257,327,272,257,283,250,290,258,272,297,301,384,332,328,451,463,525,557,689	46494988
90	2946,1270,893,756,531,545,418,333,325,326,231,244,264,211,200,187,160,201,207,138,141,155,152,93,147,153,87,117,98,107,103,112,94,98,68,99,96,87,107,97,88,132,99,107,104,105,66,100,83,98,102,88,108,122,119,98,135,156,150,174,211	6825255	13528,4897,3149,2599,1901,1632,1413,1247,1146,961,841,842,824,697,689,570,544,558,603,501,518,474,481,385,411,378,368,339,357,303,346,329,275,282,264,307,289,292,287,275,293,316,255,303,285,302,252,278,238,292,293,293,315,370,352,308,414,471,442,521,669	46404636
91	2929,1322,866,704,536,478,440,365,326,325,240,258,226,222,172,189,178,190,177,147,145,148,123,90,119,159,109,102,105,117,121,111,92,113,78,92,82,98,98,97,100,104,97,102,93,83,84,88,78,103,89,107,110,104,125,107,124,139,145,167,234	6789273	13295,4867,3190,2470,1955,1568,1548,1278,1087,985,896,815,768,671,622,596,550,577,525,516,521,459,435,393,365,398,368,322,314,331,383,311,261,297,295,288,265,280,303,272,289,298,259,315,250,257,297,249,265,283,282,289,319,367,351,346,417,419,458,539,708	46252651
92	2940,1264,875,666,536,541,407,323,316,331,273,256,241,266,186,196,157,194,177,128,134,141,145,119,150,180,106,122,97,98,119,141,95,105,76,123,103,95,103,100,106,125,90,103,112,84,72,83,90,116,88,70,98,129,114,118,126,161,161,154,238	6744862	13458,5027,3160,2484,1963,1680,1443,1184,1049,994,937,815,794,744,663,615,562,569,530,502,463,475,448,431,373,396,389,337,314,292,376,332,284,287,273,312,272,287,269,271,307,307,243,292,285,260,267,251,269,325,263,258,273,344,331,395,394,451,446,528,677	46002643
93	2929,1285,906,703,550,511,427,352,333,321,306,231,254,237,198,203,174,193,187,141,159,150,162,109,139,182,115,114,106,119,119,127,82,113,80,100,94,89,95,91,92,107,82,122,113,84,85,100,102,104,106,91,89,116,119,114,123,176,160,190,235	6829125	13562,5018,3231,2564,2039,1582,1451,1267,1130,1011,1005,839,784,703,677,620,585,632,540,487,487,481,476,422,453,422,379,347,317,327,383,336,281,287,302,308,265,315,282,282,297,281,242,352,286,250,274,277,302,317,296,281,318,365,363,365,379,442,516,618,720	46490413
94	2966,1279,836,702,519,472,415,331,335,308,234,244,248,258,172,184,170,200,195,121,154,131,143,106,143,178,100,110,93,95,91,100,90,84,67,118,90,79,93,82,108,134,86,97,89,84,89,78,76,110,89,100,70,101,110,96,106,163,149,177,224	6764214	13370,4943,3068,2477,1891,1607,1449,1250,1101,944,858,784,813,692,638,611,554,558,578,466,488,444,467,395,415,411,353,339,278,313,335,286,283,268,263,352,273,271,288,237,295,306,260,293,254,241,274,240,252,318,287,300,264,336,321,349,399,452,442,551,714	46060061
95	2943,1264,928,696,502,538,387,299,299,316,282,224,276,245,176,182,176,204,192,147,135,136,150,103,137,176,105,102,104,92,113,122,101,91,55,111,99,91,122,98,88,130,90,96,91,78,107,81,82,106,102,97,99,119,84,96,123,150,146,179,235	6758301	13466,4959,3220,2468,1925,1653,1393,1215,1050,969,952,764,810,722,671,635,568,582,561,500,469,464,441,417,398,390,348,328,314,323,379,333,322,270,217,288,309,299,263,270,267,331,224,316,293,239,288,252,250,314,282,273,295,354,320,386,385,485,483,545,693	45959480
96	2941,1265,859,721,524,509,370,317,319,293,217,207,235,237,176,165,162,173,170,143,165,140,152,91,116,143,120,109,105,116,115,144,93,114,51,129,100,80,105,73,92,111,88,97,99,85,90,83,83,89,102,97,97,109,118,95,111,152,146,195,228	6715396	13434,4823,3110,2423,1952,1596,1408,1150,1097,921,871,755,740,724,624,546,566,602,573,518,542,462,432,406,366,360,388,336,335,330,371,354,291,331,234,345,293,274,273,240,312,262,225,306,261,270,277,271,256,307,305,308,265,335,387,336,372,462,429,546,744	45847289
97	2963,1366,877,728,533,485,398,336,344,335,243,293,242,237,168,180,185,200,192,149,150,161,125,108,116,167,89,101,85,121,127,130,72,109,65,101,102,95,92,124,111,121,79,97,103,87,85,78,83,104,96,101,87,96,117,106,121,144,154,168,236	6863692	13706,5063,3334,2553,1946,1568,1440,1212,1138,994,939,817,779,687,606,588,561,575,569,520,495,494,435,391,373,400,316,314,310,368,407,336,254,299,245,281,295,315,269,302,318,300,238,307,259,247,289,229,259,326,297,297,291,340,327,355,399,453,464,545,752	46611566
98	2958,1322,886,700,522,490,431,363,367,311,251,267,260,227,169,198,161,190,184,136,140,132,142,98,140,146,95,129,103,118,108,117,98,94,86,123,85,101,98,89,100,103,91,90,101,106,76,86,84,111,96,82,85,112,133,104,117,163,154,178,248	6831099	13629,4892,3144,2457,1951,1608,1503,1273,1173,972,905,832,815,669,623,618,546,599,573,508,479,486,433,376,415,366,354,333,313,357,366,334,317,302,279,324,278,295,263,249,303,291,263,281,247,289,261,259,223,299,297,286,278,339,341,362,392,442,424,510,776	46440799
99	3039,1268,845,756,521,514,419,334,335,299,259,251,231,240,202,194,176,196,201,150,136,124,128,84,124,159,103,120,84,105,113,140,88,87,61,91,98,115,107,107,97,115,84,108,91,98,80,96,85,90,127,98,99,128,116,113,109,154,148,147,222	6900589	13909,4975,3150,2529,1937,1685,1512,1290,1126,986,952,835,755,769,677,611,579,535,556,511,457,454,467,445,418,374,358,363,286,341,368,325,300,285,269,313,268,306,279,311,315,317,265,323,254,256,260,277,259,288,313,306,299,369,324,333,376,452,463,551,692	47039322
100	2936,1238,856,707,517,558,377,356,334,323,253,272,240,234,184,226,197,202,204,147,155,146,163,107,127,172,103,107,84,116,109,128,91,110,83,113,90,99,89,97,83,122,107,105,83,84,66,91,79,102,101,118,94,118,112,98,127,158,163,151,233	6814713	13597,4914,3170,2486,1880,1683,1464,1219,1097,1041,918,859,777,740,639,663,588,575,607,520,498,481,466,432,384,408,326,329,295,364,374,343,310,323,295,340,268,322,277,273,299,306,228,315,269,279,266,287,279,346,284,307,286,359,324,364,411,483,489,506,715	46532124
