bs_rep	neu_sfs	neu_call	sel_sfs	sel_call
0	2772,1202,801,667,494,481,396,326,322,291,243,229,225,219,175,185,153,175,178,137,137,139,132,93,126,151,102,101,96,100,106,115,88,92,74,108,81,87,96,89,90,108,80,96,83,77,84,81,85,93,91,95,87,104,114,103,110,150,135,167,218	6388356	143791,58529,41155,31587,26088,22351,20087,17088,15475,14190,12720,11495,10817,9828,9200,8783,8164,7735,7532,7093,6772,6752,6594,6096,5793,5655,5420,5280,5144,5065,4768,4768,4798,4588,4462,4351,4352,4248,4260,4203,4204,4187,4155,4102,4204,4023,3990,3965,4154,4182,4436,4516,4623,4749,5092,5311,5588,6258,7289,8312,11753	330037595
1	2733,1203,781,654,461,487,388,346,319,282,248,225,260,212,191,182,161,180,168,129,129,121,122,101,113,146,103,90,91,120,104,118,92,89,88,121,88,91,94,98,100,123,80,98,76,72,81,91,89,100,96,97,88,102,130,84,104,140,142,146,190	6374278	140101,56980,39713,31036,25553,22092,19895,16809,15216,14031,12392,11273,10538,9465,8918,8621,8045,7686,7458,7013,6694,6732,6555,5969,5757,5470,5208,5283,5019,5160,4724,4719,4702,4353,4468,4322,4526,4251,4244,4040,4155,4040,4219,4099,4251,3899,3865,3751,4030,4073,4303,4561,4600,4727,4800,5211,5481,6096,7000,8106,11278	324556354
2	2843,1257,756,695,501,452,399,341,334,299,245,231,223,231,171,195,146,169,185,151,147,168,134,98,136,161,105,90,91,91,113,109,75,84,89,105,90,72,110,84,85,107,77,86,69,91,80,66,104,87,91,108,90,97,129,86,128,146,143,182,210	6447011	142362,58096,40701,32026,26255,22249,19844,17034,15492,14414,12760,11651,10747,9910,9152,8686,8224,7996,7438,6917,6858,6688,6744,6153,5760,5769,5369,5326,4909,5028,4488,4557,4518,4603,4364,4265,4354,4265,4315,4156,4284,4179,4147,4137,4177,4035,3974,3924,4174,4202,4500,4600,4613,4824,4990,5135,5444,6324,7400,8190,11153	329516596
3	2758,1075,786,681,450,479,367,326,330,279,282,206,215,210,166,159,167,182,189,116,131,151,141,98,113,161,106,110,79,95,94,109,98,102,71,101,73,90,73,80,86,97,80,79,72,80,78,84,71,97,98,95,75,88,101,92,120,134,113,159,205	6316198	144509,58750,40555,31392,26115,22702,20643,17373,15714,14329,12388,11281,10725,9780,9179,8832,8225,7871,7412,7279,6689,6546,6644,6179,5722,5802,5522,5370,5204,5049,4644,4707,4770,4758,4664,4330,4491,4165,4331,4175,4139,4047,4189,4089,4189,4197,3946,3866,3962,4117,4439,4555,4724,4890,5101,5466,5732,6296,7151,8407,11787	331627717
4	2711,1120,793,640,513,478,375,328,317,313,244,245,257,206,200,210,181,173,163,131,153,158,136,84,126,145,115,91,95,93,88,113,77,95,68,131,74,80,86,93,100,105,77,83,90,92,71,84,82,113,97,94,92,97,118,84,110,125,143,168,211	6293720	144066,58528,41478,31246,26030,22646,20578,17680,15534,14448,12906,11906,11057,10172,9295,8849,8281,8062,7633,7108,7027,6973,6668,6201,5916,5753,5530,5260,5080,4951,4698,4719,4750,4528,4472,4589,4533,4416,4480,4397,4335,4231,4141,4177,4233,3985,4066,4003,4346,4219,4346,4479,4551,4815,5204,5263,5477,6472,7517,8111,11322	332563697
5	2697,1136,786,647,506,464,377,287,333,306,241,224,211,225,187,172,145,172,164,110,138,142,123,96,117,153,79,98,83,96,99,107,105,95,66,112,96,93,87,83,78,106,74,96,88,75,78,73,91,89,102,111,82,90,112,107,90,144,122,155,211	6388655	141035,57217,40755,30884,26297,22053,20376,17095,15381,13607,12530,11259,10544,9564,8730,8459,8030,7496,7353,7016,6602,6443,6221,5906,5543,5536,5157,5080,4937,4947,4797,4688,4773,4504,4366,4236,4109,4085,4096,4092,4079,4188,4115,4057,4117,3925,3926,3908,4157,4084,4347,4450,4668,4888,5217,5286,5662,6223,7409,8001,11828	326667352
6	2774,1254,796,695,493,456,370,304,302,280,228,242,218,195,191,174,182,181,159,126,135,149,117,80,133,127,88,102,83,112,118,111,95,85,71,120,84,98,104,101,91,117,78,99,79,86,75,74,89,89,104,73,98,109,116,99,104,153,136,172,214	6355874	144664,58653,40728,31505,26058,22465,19865,17349,15875,14350,12793,11405,10916,9521,9218,8824,8036,7700,7505,7047,6583,6945,6697,6158,5658,5687,5403,5171,5200,4971,4674,4731,4833,4574,4566,4415,4470,4279,4151,4121,4153,4168,4304,4164,4126,3955,3846,3854,4137,4223,4513,4726,4721,4801,5069,5363,5644,6317,7089,8314,12142	327713165
7	2760,1201,835,688,484,486,380,321,325,322,236,214,254,231,182,203,153,159,162,136,127,139,140,77,140,151,114,95,95,78,97,109,96,92,71,95,72,86,100,99,104,105,85,92,84,82,94,99,84,103,90,85,85,103,102,119,118,151,128,181,220	6392375	142554,57991,42257,31550,25874,22476,19847,16804,14756,13899,12516,11349,10768,9618,9150,8692,8013,7811,7785,6981,6700,6636,6528,6003,5545,5665,5289,5060,5076,4972,4844,4862,4735,4495,4433,4167,4278,4254,4276,4169,4087,4176,4124,4074,4246,3977,3846,3844,4155,4069,4353,4364,4543,4747,5123,5425,5593,6364,7368,8321,11290	329406399
8	2741,1115,806,634,474,508,421,328,299,273,262,211,207,242,192,193,137,179,208,135,151,159,124,104,137,151,120,108,105,98,105,123,99,103,80,103,83,86,111,102,102,101,83,118,89,66,104,93,88,83,92,100,96,108,116,129,99,134,144,167,208	6322463	146942,59096,41464,32379,26543,22877,20335,17671,15721,14459,12598,11897,10869,9897,9345,8973,8353,7841,7785,7198,6802,6862,6697,6098,6020,5902,5471,5448,5304,5350,5021,4881,5006,4673,4573,4427,4463,4249,4413,4178,4209,4212,4206,4101,4123,3997,4007,4037,4299,4293,4418,4365,4558,4784,5204,5385,5480,6476,7664,8277,11825	334481921
9	2869,1176,844,659,468,491,411,333,326,292,263,221,248,221,179,182,156,198,195,132,127,147,132,97,128,146,100,99,94,89,110,116,81,103,73,123,61,96,91,95,84,117,75,84,85,74,63,73,73,101,99,104,91,98,119,107,117,151,152,167,209	6437217	142473,58533,41144,31378,25518,21773,19708,17004,15683,14114,12739,11732,10707,9779,9101,8817,8061,7766,7591,7334,6952,6746,6544,6035,5699,5573,5249,5325,5226,5016,4669,4699,4625,4645,4380,4361,4276,4318,4115,4255,4299,4311,4231,4113,4161,3941,3882,3796,4166,4158,4440,4604,4741,4626,4856,5101,5309,6229,7629,8496,11657	326494507
10	2700,1198,801,706,477,469,395,328,311,270,241,210,233,213,186,196,178,197,187,125,142,135,120,101,118,148,114,109,97,117,89,120,81,94,74,111,74,86,92,90,89,103,74,85,82,62,93,77,67,84,97,93,74,113,110,103,111,121,115,153,204	6324501	142351,57558,40748,31063,25218,21963,20062,16766,15212,14292,12405,11631,10749,9834,9083,8820,8119,7627,7436,7088,6753,6786,6580,6009,5761,5711,5377,5265,5152,5042,4718,4874,4749,4607,4501,4183,4356,4391,4347,4150,4274,4101,4014,3936,4066,3975,3923,3909,4255,4156,4304,4363,4333,4557,4968,5132,5329,5962,7260,8209,11578	327025310
11	2784,1217,784,692,453,459,425,291,364,286,226,215,201,201,166,204,150,174,160,121,120,141,134,100,107,143,94,78,93,100,105,101,88,82,77,104,74,85,101,103,82,100,81,92,97,80,92,82,82,89,88,104,98,109,116,99,104,132,146,161,209	6356743	139791,56730,39879,30663,25593,21846,19572,16596,15493,13949,12316,11234,10522,9601,8932,8527,7864,7515,7267,6804,6697,6752,6573,5885,5859,5600,5246,5357,5003,5151,4891,4760,4784,4517,4362,4165,4247,4125,4195,4120,4069,4101,4081,3984,4192,3864,3999,3889,4085,4057,4376,4430,4648,4552,4931,5112,5342,6238,7238,8093,11554	321882363
12	2815,1181,852,701,497,428,409,317,339,284,254,190,218,204,165,189,148,171,199,124,115,147,125,86,130,132,102,120,108,89,108,100,85,106,61,88,80,92,96,96,91,104,81,101,77,78,83,73,81,99,98,92,82,97,105,88,104,136,161,165,224	6395417	145354,58498,40263,31610,26251,22299,20233,17073,15496,14148,12536,11618,10934,10078,9407,8667,8234,7663,7429,7133,6920,6917,6704,6018,5771,5734,5318,5356,5133,5058,4642,4691,4839,4558,4387,4157,4252,4207,4282,4185,4148,4274,4099,4021,4232,3941,3871,3953,4170,4143,4532,4486,4656,4686,5013,5185,5644,6078,7223,8362,12053	332427394
13	2734,1263,776,678,471,480,387,312,326,311,267,221,233,233,188,196,154,177,197,130,140,138,137,94,114,157,103,85,97,110,100,108,76,90,71,104,72,93,88,88,90,108,83,86,85,78,98,76,74,93,84,97,96,93,98,117,104,184,114,162,225	6336520	145466,59150,41010,31965,26795,23090,20485,17528,15708,14532,13126,11798,11046,9841,9175,9004,8327,7820,7447,7098,6680,6876,6908,6222,6032,5756,5579,5354,5365,5328,5011,5022,4875,4621,4479,4452,4386,4438,4506,4229,4229,3995,4095,4081,4120,4085,3909,4032,4327,4348,4486,4661,4912,5023,5218,5404,5666,6284,7131,8345,11335	334885247
14	2830,1238,810,693,481,458,436,335,344,312,216,241,230,220,174,197,135,186,175,139,138,135,139,98,126,147,107,108,96,100,102,123,73,96,77,104,76,95,102,85,87,96,94,97,76,73,89,66,105,101,81,89,87,92,122,110,146,137,129,170,243	6386118	143460,58707,41513,31705,26408,22438,20372,17058,15605,14448,12997,11453,10826,9985,9375,8933,8124,7608,7459,7192,6868,6746,6329,6113,5874,5744,5455,5328,5271,5114,4795,4959,4807,4642,4571,4371,4259,4281,4148,4269,4337,4208,4030,4096,4217,4130,4124,4061,4198,4037,4587,4644,4759,4858,5123,5431,5827,6341,7381,8302,11610	328961603
15	2697,1249,816,687,528,462,448,331,342,268,254,269,203,195,173,199,187,176,188,155,129,147,159,118,117,149,114,106,104,107,110,106,108,85,85,125,82,105,97,84,92,120,89,108,84,71,87,80,92,104,92,111,82,110,116,95,106,133,159,173,180	6413972	140017,57467,40701,31569,25496,22048,19679,16829,15282,13920,12286,11114,10512,9802,9170,8673,7987,7554,7279,6807,6716,6670,6632,5990,5678,5651,5448,5254,5099,5085,4766,4767,4790,4575,4582,4339,4340,4112,4198,4009,3978,4093,3924,4010,4001,3956,3965,3921,4162,4010,4303,4482,4442,4712,5083,5368,5632,6170,7040,8125,11323	323771277
16	2780,1239,801,626,487,438,399,350,346,296,269,231,230,208,165,211,166,176,188,162,150,139,128,88,132,135,97,108,105,109,118,137,81,111,72,114,81,75,97,83,103,110,69,106,82,86,91,83,106,98,104,113,90,108,116,125,110,153,148,174,254	6480617	148618,60727,43568,32943,26948,22696,20525,17418,16090,14421,13316,11743,11209,10397,9747,9126,8473,8016,7866,7431,7316,7110,6936,6247,5902,5700,5528,5222,5314,5036,4813,4891,4978,4590,4658,4525,4564,4486,4395,4454,4362,4495,4444,4196,4330,4226,4197,4043,4331,4366,4644,4651,4709,4693,5191,5312,5624,6423,7564,8744,12204	339196448
17	2707,1138,826,669,472,471,382,359,308,276,236,226,223,199,172,177,159,197,156,133,131,117,112,90,140,156,79,98,94,94,99,110,104,84,70,105,74,86,81,102,94,94,70,97,79,68,93,78,77,92,97,109,79,100,117,100,111,160,102,159,225	6285037	144200,58351,41907,32337,26098,22946,20040,17242,15588,14515,12730,11440,10746,9620,8930,8696,8165,7641,7488,7026,6767,6823,6605,6102,5857,5705,5550,5313,5187,5185,4736,4774,4762,4690,4488,4323,4438,4381,4490,4250,4212,4159,4127,4031,4191,3925,3954,3985,4062,4148,4509,4626,4540,4710,5179,5588,5636,6202,7392,8253,11890	330161034
18	2892,1205,781,717,483,479,385,307,346,306,237,245,242,247,152,197,170,175,195,119,132,127,130,92,145,123,113,110,95,88,88,120,103,87,66,106,94,94,102,101,93,111,94,102,92,77,74,89,77,86,78,101,78,119,112,87,107,149,147,161,255	6326790	143105,58306,40673,31635,25372,22190,20089,17352,15185,13995,12474,11330,10646,9790,9067,8717,8042,7763,7545,7157,6884,6640,6420,5972,5707,5691,5326,5062,4980,4963,4636,4634,4674,4460,4421,4380,4181,4175,4241,4129,4025,4092,4208,4092,4210,4007,3970,3811,4129,4204,4431,4600,4483,4846,5102,5441,5618,6407,7186,8471,11822	327940474
19	2824,1221,798,732,495,518,381,298,357,286,242,218,251,264,171,180,155,176,198,155,161,123,134,77,138,148,86,97,93,95,108,120,102,94,74,105,76,74,90,86,80,103,88,102,91,84,79,97,83,91,87,102,87,110,106,91,110,166,164,167,205	6460903	145198,59467,40857,31820,26121,22578,20340,17399,15620,14032,12904,11473,10818,9854,9000,8778,8181,7783,7538,7022,6600,6694,6504,6088,5812,5825,5440,5430,5159,5164,4719,4834,4714,4553,4543,4420,4367,4157,4199,4038,4085,4064,4129,4008,4179,4115,4053,4014,4218,4115,4429,4577,4554,4709,5101,5442,5585,6145,7216,8453,11862	331270749
20	2890,1243,881,700,492,485,381,312,279,285,257,208,253,210,173,190,165,198,192,128,122,125,149,90,122,159,107,99,93,118,116,119,67,83,79,106,76,80,91,95,85,98,71,92,83,67,78,70,72,101,95,87,68,107,112,90,107,147,126,175,205	6431305	144219,58948,41002,31902,25968,22601,20555,17585,15716,14461,12936,11651,10891,9718,9083,8883,8205,7852,7501,7160,6760,6913,6611,6069,5834,5619,5459,5527,5311,5056,4789,4744,4829,4613,4478,4420,4337,4095,4249,4032,4189,4135,4105,4136,4241,4140,4076,4021,4185,4191,4395,4540,4718,4930,5136,5290,5495,6343,7589,8315,12001	329046576
21	2791,1187,796,649,508,469,398,335,338,304,242,234,223,208,190,164,144,169,182,146,150,136,127,104,131,129,97,107,85,104,102,128,102,94,75,99,104,74,94,107,109,107,90,102,72,72,89,73,71,93,65,93,74,101,100,117,114,162,123,175,233	6445327	144815,57634,40358,31425,26213,22049,19921,16640,14983,14301,12720,11592,10548,9717,9229,8857,8182,7568,7547,6958,6676,6761,6568,5950,5934,5643,5379,5260,5045,4821,4694,4770,4759,4550,4409,4259,4339,4409,4340,4175,4181,4205,4084,3950,4287,3986,4023,3949,4165,4170,4476,4532,4454,4788,5065,5213,5695,6217,7194,8257,12371	329720023
22	2760,1235,785,684,491,484,371,309,358,302,249,260,205,222,170,187,171,206,154,141,144,136,126,107,108,147,135,112,100,102,117,113,81,94,68,106,88,105,96,90,92,105,89,98,80,65,91,76,98,93,84,103,80,101,128,126,115,142,154,158,232	6389600	146096,58904,42025,32275,26784,23235,20722,17452,15665,14393,12710,11811,11073,9992,9197,8967,8069,7872,7756,7313,6884,6865,6635,5923,5750,5624,5426,5459,5266,5291,4948,4805,4861,4615,4565,4477,4358,4220,4310,4344,4305,4470,4350,4159,4382,4021,4116,4125,4421,4242,4535,4488,4656,4813,5132,5381,5860,6345,7452,8318,12108	336876241
23	2728,1188,836,655,505,501,417,337,329,333,255,228,232,215,167,192,149,169,168,120,140,118,110,88,123,159,109,93,87,91,111,115,105,100,76,107,74,93,114,108,98,104,86,98,75,65,77,81,89,89,96,89,74,102,103,102,108,148,126,171,217	6432308	145250,60926,42107,32116,26140,22677,20106,17238,15487,14162,12663,11578,10867,9864,9440,9005,8222,7766,7843,7414,7059,6940,6549,5961,5881,5623,5478,5284,5156,5165,4800,4945,4856,4568,4429,4237,4232,4333,4374,4304,4334,4302,4175,4115,4135,4164,4206,4153,4184,4278,4421,4353,4482,4677,4926,5492,5666,6397,7604,8335,11846	333421396
24	2876,1246,809,653,464,442,384,322,324,279,258,209,229,225,183,187,147,187,177,140,132,154,131,88,147,141,95,101,100,97,99,107,117,88,68,106,86,74,97,80,103,110,89,91,66,75,100,75,102,102,92,84,95,118,131,121,96,149,136,196,226	6371941	145099,60165,42526,32213,26121,22948,20349,17331,16103,14258,12826,11739,11186,10130,9526,9029,8170,7712,7699,7286,6879,6803,6833,6308,6039,6052,5436,5571,5415,5195,4782,4673,4825,4787,4730,4495,4514,4385,4329,4120,4236,4168,4193,4086,4279,4131,4178,4102,4124,4318,4426,4468,4742,4678,5053,5432,5488,6159,7485,8642,11671	334913536
25	2866,1173,818,648,521,505,390,311,329,310,238,242,228,221,176,175,121,164,152,151,155,128,129,99,117,171,114,116,98,95,100,97,90,131,75,83,84,102,86,98,110,110,81,78,78,78,64,98,79,86,102,93,81,87,118,125,114,163,140,158,232	6492523	143945,59075,41674,31996,26393,22202,19984,17232,15787,14308,13024,11597,11036,9880,9327,8888,8244,7672,7474,7027,6988,6921,6715,6339,5680,5743,5504,5193,5031,5109,4646,4828,4743,4529,4534,4503,4338,4408,4382,4439,4131,4172,3984,3935,4222,3905,4118,4062,4168,4317,4456,4743,4698,4783,5028,5192,5573,6396,7397,8713,11788	332712440
26	2830,1263,801,680,515,437,401,322,322,316,242,195,210,243,178,175,147,161,176,125,142,116,134,92,118,160,119,90,93,102,99,100,82,103,77,121,76,73,90,99,120,119,87,104,96,95,78,68,61,75,101,99,73,105,95,105,99,176,117,153,215	6417165	141087,57682,40468,31300,26269,22000,19751,16837,15328,13948,12493,11436,10630,9975,9190,8770,8028,7753,7565,7182,6723,6712,6425,5861,5586,5493,5152,5206,5232,4973,4718,4706,4739,4561,4346,4158,4230,4133,4241,4295,4342,4217,4243,4030,4125,3952,4013,3908,3992,4075,4396,4430,4481,4733,4972,5339,5684,6134,7235,8059,11506	325862462
27	2787,1211,806,713,452,481,424,351,368,306,230,254,226,213,164,190,148,173,206,134,129,126,132,103,129,158,97,90,108,112,132,119,74,106,74,104,80,76,85,93,101,108,70,84,106,89,98,75,88,93,88,84,93,95,105,101,109,161,129,171,251	6461146	147327,61010,43070,32916,26279,22975,20653,17611,16026,14603,12868,11387,11029,9997,9358,8843,8343,7992,7946,7376,7061,6708,6799,6050,5919,5698,5552,5497,5263,5189,4901,4897,4934,4746,4647,4482,4378,4239,4404,4099,4211,4382,4288,4328,4345,4010,4087,4036,4389,4392,4526,4702,4873,4942,5089,5429,5530,6418,7856,8692,12088	338873569
28	2750,1174,810,668,540,499,426,306,313,260,228,222,218,232,177,167,147,194,164,120,148,126,136,108,101,164,117,86,92,108,112,122,96,94,72,110,86,109,105,82,102,114,72,96,82,76,84,80,88,115,91,96,73,104,117,115,121,146,134,174,229	6375893	143324,58710,41368,31322,25763,22318,20189,17153,15659,14223,12651,11498,10892,9673,9206,8723,8124,7647,7600,7059,6715,6648,6591,6095,5765,5501,5613,5251,5167,5030,4753,4787,4953,4592,4429,4239,4188,4178,4215,4259,4249,4221,4134,4114,4232,4060,3854,4044,4145,4160,4320,4442,4642,4874,5045,5250,5555,6127,7405,8232,11707	330106604
29	2757,1157,803,695,533,466,406,316,341,299,226,212,221,226,186,175,148,176,172,137,150,142,143,89,127,147,116,86,99,108,109,115,91,94,71,113,78,86,88,94,83,110,78,102,73,65,73,89,96,92,87,94,98,107,107,93,118,140,127,158,220	6449979	147954,59734,41928,32387,26495,23234,20915,17634,15802,14503,12919,11453,11248,10105,9237,9108,8153,7914,7660,7043,6940,6929,6817,6148,5923,5754,5527,5299,5146,5285,4870,4761,4817,4559,4495,4469,4471,4289,4325,4225,4342,4234,4084,4180,4320,4078,4027,4114,4163,4327,4681,4833,4864,4966,5171,5423,5697,6502,7439,8333,12154	338413296
30	2697,1182,786,654,527,481,422,328,336,288,264,267,210,216,157,194,157,187,166,146,146,141,135,122,127,179,91,124,98,87,121,115,91,78,87,117,71,91,97,98,83,114,76,86,103,72,95,77,87,89,93,82,93,93,117,102,121,160,148,163,230	6455762	139543,56755,39990,30537,25471,22037,19922,16720,14837,13654,12207,10949,10713,9661,8976,8690,7941,7610,7419,6974,6620,6464,6421,5830,5690,5570,5277,5082,4956,5020,4479,4657,4705,4598,4352,4322,4289,4294,4216,4109,4157,4123,4015,4081,4069,3890,3996,3826,4098,4042,4281,4522,4473,4822,5016,5258,5460,5774,7134,7910,11680	321085336
31	2767,1175,842,621,483,460,390,334,321,269,261,203,201,212,180,172,173,182,179,148,121,133,120,90,122,136,84,96,84,97,106,105,82,89,63,115,75,83,104,80,98,113,82,82,75,80,75,82,77,92,84,89,95,102,122,107,106,154,130,145,202	6315384	141905,57750,41148,31390,26571,22212,20025,16930,15551,13940,12692,11359,10728,9725,9135,8836,8011,7700,7681,7310,6718,6831,6646,6111,5724,5584,5395,5332,5095,5212,4851,4753,5048,4557,4379,4308,4235,4175,4165,4146,4056,4237,4281,3970,4145,4165,4092,4023,4167,4099,4429,4340,4542,4549,5131,5361,5743,6236,7288,8222,11714	326717465
32	2754,1233,787,655,537,504,399,330,333,285,259,243,262,219,182,200,173,199,184,133,118,147,151,89,132,155,89,102,75,93,85,112,87,88,84,111,80,97,96,102,76,97,64,88,81,93,75,87,77,111,97,94,87,99,110,109,106,158,144,165,230	6376501	144883,59082,41356,31595,26126,22696,20389,17466,15777,14270,13099,11790,11046,10300,9450,8907,8005,8020,7904,7283,7156,6766,6639,6129,5758,5850,5463,5223,5133,5055,4701,4759,4806,4605,4406,4467,4497,4414,4346,4249,4291,4383,4414,4274,4355,4061,4024,4149,4213,4110,4572,4566,4557,4652,4898,5144,5635,6255,7296,8185,11493	332736283
33	2654,1191,827,632,491,448,387,299,323,268,218,233,244,175,181,183,155,155,165,147,141,161,151,89,138,160,111,98,110,120,104,105,89,106,81,110,81,93,105,87,107,106,71,98,82,74,100,68,76,91,82,94,84,111,109,97,102,143,126,183,209	6386433	144359,58921,41533,31765,26210,22123,19909,17346,16128,14243,12725,11579,10954,9775,9106,8814,8369,7734,7442,7179,6829,6888,6527,6023,5736,5465,5330,5443,5094,5138,4933,4881,4930,4794,4420,4455,4406,4301,4354,4135,4263,4264,4124,4048,4113,3985,4009,3964,4163,4255,4718,4637,4847,4901,5047,5331,5348,6278,7149,8446,11902	331922831
34	2772,1202,841,656,505,500,401,338,340,248,258,226,236,221,167,174,148,163,181,154,144,136,148,88,134,175,129,80,93,100,92,104,104,86,66,106,82,94,75,90,93,113,84,93,60,77,83,76,74,109,97,93,97,108,94,108,112,155,126,179,223	6422418	145718,59605,42013,32449,26301,22531,20347,17193,15839,14342,12946,11720,10897,10143,9644,8983,8385,7890,7767,7298,6925,6881,6589,6054,5856,5844,5505,5257,5265,5209,4813,5127,4889,4834,4596,4327,4351,4383,4302,4144,4311,4404,4353,4099,4359,4132,3963,4039,4201,4125,4288,4483,4828,4855,5011,5267,5596,6271,7375,8042,11614	335708339
35	2882,1189,791,674,517,475,398,299,322,293,239,273,249,253,193,186,150,176,177,139,135,143,125,121,133,180,104,109,98,94,97,115,96,91,70,101,75,88,100,86,103,118,74,90,85,87,89,68,80,109,95,103,83,107,110,111,107,162,126,174,212	6397781	145106,58445,41381,32058,26482,22212,20159,17258,15843,14413,12774,11462,10732,9915,9039,8682,8296,7694,7445,7114,6712,6826,6627,6094,5757,5851,5550,5227,5119,5031,4794,4788,4760,4603,4407,4419,4482,4194,4371,4099,4151,4199,4189,4110,4234,3997,4018,4072,4189,4236,4424,4506,4707,4862,5017,5323,5702,6435,7418,8322,11798	332377773
36	2807,1226,762,639,488,438,365,317,281,301,220,222,251,247,186,189,143,166,190,148,128,117,120,104,140,142,111,120,100,132,112,116,87,113,67,87,79,85,90,102,91,113,68,87,79,66,70,74,84,93,95,89,82,105,125,109,116,152,136,173,244	6354804	144497,57632,40837,31538,25860,22410,20378,16891,15549,14272,12510,11311,10818,9765,8965,8521,7867,7750,7357,6902,6608,6626,6769,6088,5792,5612,5446,5572,5311,5145,4766,4858,4903,4691,4626,4344,4296,4279,4219,4169,4076,4136,4119,4156,4109,4087,3897,3891,4169,4120,4448,4390,4531,4832,5088,5327,5713,6201,7416,8154,11739	329035961
37	2777,1223,844,671,469,440,414,328,345,282,230,216,220,222,184,187,143,192,195,149,142,125,151,83,108,131,110,123,107,94,104,112,84,85,80,90,85,107,96,86,70,98,80,111,77,80,79,76,79,106,103,94,97,92,109,110,117,140,155,141,226	6423776	143506,57828,40734,31398,26150,22797,20144,17161,15625,14424,12741,11441,10638,9885,9089,8679,8085,7742,7672,7218,6832,6983,6789,6345,5821,5581,5450,5198,5154,5023,4713,4895,4767,4600,4447,4463,4385,4274,4337,4236,4298,4187,4164,3988,4225,3965,3985,3983,4220,4166,4461,4370,4708,4777,5000,5384,5393,6030,7020,8210,11472	330174089
38	2766,1190,820,704,482,445,378,367,329,297,235,246,211,206,184,175,133,174,189,140,143,153,136,120,129,139,111,118,105,87,94,98,83,89,71,118,80,91,90,70,90,129,93,96,80,81,91,86,77,100,89,97,97,105,119,95,99,127,132,146,229	6317160	142531,57764,40626,31606,25659,22215,20212,17120,15387,14181,12975,11645,11118,9800,9381,8904,8476,7723,7567,7026,6910,6926,6527,5948,5790,5791,5362,5304,5147,5173,4804,4811,4753,4546,4479,4302,4282,4017,4137,4273,4083,4210,4035,4148,4406,4223,3990,3870,3972,4222,4334,4633,4650,4558,5055,5320,5649,6234,7199,8006,11849	327388395
39	2730,1192,751,726,516,533,387,284,350,257,236,231,224,211,182,195,154,168,181,124,153,154,121,87,112,166,90,108,99,95,108,122,96,88,80,105,75,83,84,84,103,112,96,101,76,85,78,76,93,87,97,117,82,96,98,83,106,156,131,159,223	6422990	144298,58963,41076,31101,26303,22593,20069,17297,15462,14442,12761,11473,10582,9716,9253,8879,8579,7992,7660,7030,6667,6601,6693,6080,5858,5644,5518,5311,5186,5091,4850,4827,4782,4687,4358,4251,4409,4381,4346,4212,4182,4228,4149,4140,4370,4092,4107,3974,4077,4220,4461,4580,4523,4920,5030,5192,5661,6306,7400,8438,11690	329309497
40	2797,1225,728,656,505,496,421,316,334,312,273,193,236,217,192,180,159,164,197,147,134,139,104,87,120,155,141,83,110,94,102,98,84,88,84,84,85,74,107,94,81,107,70,92,101,84,87,78,96,108,107,104,74,113,114,99,114,132,131,174,208	6397748	144007,58775,40832,31318,25778,22372,20293,17030,15518,14303,12598,11365,10660,9801,9244,8832,8064,7591,7394,7024,6668,6658,6548,6046,5926,5496,5327,5324,5201,5150,4731,4755,4853,4542,4397,4430,4283,4320,4376,4279,4268,4056,4174,3975,4195,4089,3830,3853,3969,4116,4397,4650,4616,4740,5224,5416,5488,6271,7223,8401,11327	327475927
41	2685,1207,823,664,526,508,392,293,342,286,228,223,233,212,198,175,154,162,181,139,117,130,152,106,125,144,97,101,94,112,115,130,95,90,90,101,86,80,92,102,93,115,87,102,85,60,89,90,68,98,60,99,104,106,128,89,108,141,148,177,216	6347098	141327,57641,41001,31172,25868,22307,19968,16924,15423,14154,12654,11524,10602,9704,9148,8718,8214,7704,7372,6936,6773,6752,6494,5904,5701,5585,5227,5310,5008,5117,4779,4770,4810,4517,4389,4442,4466,4196,4226,4138,4070,3990,4198,4117,4302,3968,3997,3785,3975,4184,4325,4420,4696,4929,4981,5200,5556,6121,7173,8072,11582	325948089
42	2918,1197,756,653,518,448,372,330,292,309,224,232,218,225,202,200,146,202,178,130,125,146,126,105,131,168,84,86,102,116,114,135,81,69,86,123,66,83,105,75,116,108,74,102,93,60,85,83,85,101,94,111,97,92,117,88,109,135,149,181,242	6447461	143536,56984,40400,31812,26130,22428,20352,17205,15433,14109,12698,11289,10783,9616,9295,8856,8379,7753,7724,7150,6722,6838,6510,6006,5795,5557,5456,5194,5187,5043,4592,4655,4798,4526,4498,4327,4404,4299,4358,4266,4276,4157,4229,4103,4278,4077,3971,3949,4075,4157,4408,4555,4758,4728,5148,5352,5781,6358,6939,8063,11617	329600327
43	2909,1167,801,629,464,463,400,320,344,279,242,219,254,210,186,182,140,195,161,144,149,133,149,92,133,161,122,95,81,89,92,126,81,79,56,110,97,90,93,84,73,124,95,81,88,76,71,80,73,100,90,112,99,114,116,122,89,164,158,160,204	6430808	141650,57993,40592,32098,26372,22544,20444,17123,15216,13882,12746,11504,10709,9906,9077,8661,8133,7677,7412,7096,6724,6627,6629,6206,5694,5716,5381,5109,5067,4988,4642,4662,4768,4571,4457,4277,4204,4335,4325,4215,4254,4146,4082,4027,4186,3916,3983,3931,4122,4233,4384,4456,4664,4752,5188,5581,5749,6336,7256,7888,11418	327868920
44	2789,1266,821,692,497,523,384,311,351,312,254,217,226,197,188,194,141,169,165,147,122,152,131,82,118,142,108,100,93,85,101,118,90,80,85,109,78,84,89,95,77,124,91,99,98,70,86,82,85,90,100,108,85,110,124,112,117,151,127,178,207	6452466	143384,58567,40972,31029,25512,22081,20326,17030,15223,13937,12468,11379,10599,9798,8992,8675,7980,7779,7497,7072,6625,6605,6537,5943,5854,5684,5337,5279,5171,5037,4799,4804,4751,4542,4442,4297,4494,4243,4124,4271,4070,4201,4138,4137,4186,3971,3890,4060,4140,4128,4233,4314,4503,4702,5107,5220,5775,6252,7424,8421,12111	327876136
45	2757,1253,892,731,508,496,405,294,294,295,248,211,217,214,181,182,130,181,189,114,130,144,123,91,136,170,106,109,110,107,103,112,100,96,69,108,99,80,104,106,88,111,83,91,99,98,68,77,97,93,90,110,95,115,121,112,99,156,129,184,225	6474478	145142,58336,41484,31013,25849,22186,20206,16994,15659,14065,12858,11532,10685,9897,9255,8735,8418,7729,7584,7139,6673,6799,6614,6080,5945,5744,5397,5309,5102,4997,4665,4704,4880,4606,4459,4431,4443,4216,4245,4172,4124,4215,4280,4271,4292,3934,3946,3853,4117,4054,4497,4425,4697,4620,5020,5256,5430,6111,7493,8618,12203	331270564
46	2694,1147,766,659,491,480,350,321,344,290,213,207,237,234,149,171,135,175,166,167,128,125,118,95,130,160,109,99,97,87,118,112,79,104,68,103,88,81,88,77,90,103,70,96,76,78,80,83,75,88,79,92,92,98,113,123,133,136,143,160,211	6381703	144724,58063,40798,32225,26655,22715,19910,17247,15799,14054,12764,11276,10666,9524,9026,8752,8310,7666,7588,7154,6747,6804,6499,6035,5780,5625,5442,5318,5327,5307,4868,4991,4970,4658,4481,4554,4396,4323,4223,4191,4170,4179,4157,4057,4270,4096,3890,4023,4186,4201,4487,4748,4634,4692,5064,5358,5672,6302,7384,8283,11719	329166796
47	2861,1219,824,638,469,488,376,323,330,304,244,241,203,209,166,177,132,173,170,147,129,145,137,90,141,152,95,91,92,108,96,99,93,106,77,106,79,93,106,78,86,109,77,81,110,74,90,100,80,79,106,114,97,101,104,98,102,164,145,140,230	6354004	148594,60163,41958,32360,26438,22685,20776,17683,16294,14843,13172,11983,11169,10388,9798,9152,8496,7894,7833,7320,6818,6808,6822,6209,5974,5878,5664,5351,5283,5088,4878,4845,4796,4680,4579,4486,4480,4334,4537,4255,4256,4327,4414,4310,4401,4254,4246,4118,4409,4376,4605,4547,4879,4846,5206,5356,5537,6191,7445,8293,12142	339076776
48	2715,1196,818,671,477,445,364,306,328,279,256,237,220,213,171,180,151,168,180,145,150,141,122,83,107,134,104,93,108,107,108,97,102,77,71,101,83,72,89,90,91,96,76,101,90,58,75,82,86,71,97,88,83,124,110,112,110,141,124,162,159	6362355	145231,59512,41196,31659,26030,22192,20079,17207,15706,14353,12481,11351,10762,9834,9265,8651,7934,7413,7192,6865,6709,6562,6469,5876,5666,5731,5379,5166,4935,4875,4535,4677,4637,4506,4452,4251,4415,4169,4236,4310,4107,4130,4118,4095,4351,4050,4059,4066,4244,4310,4707,4642,4694,4780,5238,5451,5449,6128,7533,8239,11784	331729038
49	2818,1140,788,618,510,434,394,301,281,272,217,210,216,248,190,174,138,182,189,136,125,128,128,71,126,163,100,121,95,99,112,137,84,95,55,98,95,89,99,95,104,95,81,103,74,82,82,92,89,87,90,79,87,93,100,92,109,129,145,161,228	6349815	144425,58286,42435,31844,25676,22327,20265,17118,15329,14216,12632,11638,10963,10108,9250,8595,8173,7703,7489,7062,6914,6698,6549,6106,5759,5629,5398,5332,5056,4893,4706,4650,4812,4560,4459,4327,4332,4146,4354,4189,4146,4050,4129,3944,4188,3852,4019,3950,4215,4274,4469,4586,4543,4745,5188,5387,5344,6263,7618,8246,11824	332178951
50	2844,1230,808,680,473,477,403,351,374,273,269,241,208,196,149,184,167,177,201,143,140,145,122,103,137,144,98,109,115,99,120,95,99,81,74,117,98,99,104,91,93,108,84,98,85,63,92,74,102,104,82,111,82,79,114,101,106,156,132,179,199	6409765	147184,59314,41757,31923,26522,22627,20385,16946,15534,14618,13182,11921,11118,10000,9615,9117,8482,8126,7688,7390,6988,6988,6818,6202,5849,5822,5480,5382,5195,5270,5065,4737,4875,4534,4517,4546,4451,4455,4485,4154,4396,4176,4394,4288,4482,4204,4219,3945,4291,4395,4403,4575,4573,4762,4896,5590,5716,6312,7265,8380,12126	337648507
51	2771,1178,792,671,501,511,422,324,342,330,266,213,218,256,179,180,145,159,194,140,125,148,124,103,127,153,98,87,107,83,112,120,82,99,85,114,88,80,90,88,104,115,101,96,75,73,102,77,79,105,82,97,88,107,119,100,102,156,145,179,209	6476974	143824,58713,40757,31164,25996,22719,20534,17165,15759,14511,12946,11689,10765,9516,9279,8827,8072,7675,7468,7095,6793,6721,6540,6132,5838,5789,5387,5240,5159,4967,4732,4822,4825,4561,4354,4437,4370,4361,4153,4372,4066,4197,4161,4100,4184,3994,4010,3923,4071,4145,4606,4661,4768,4805,5253,5391,5630,5963,7128,8236,11662	331635611
52	2730,1141,818,645,482,468,436,291,339,277,245,218,231,242,166,178,157,167,179,148,118,138,118,88,114,166,94,99,106,91,104,93,83,102,71,115,93,76,100,87,85,101,84,90,90,73,93,85,81,78,97,125,70,104,114,100,100,135,123,177,241	6274373	141554,58046,40919,31001,25433,21722,19681,16662,15248,13941,12535,11431,10597,9609,9031,8484,8051,7755,7317,7052,6607,6725,6486,6247,5655,5567,5410,5159,5132,4991,4774,4668,4749,4453,4328,4345,4329,4251,4331,4169,4153,4077,3969,3941,4138,3844,3965,3918,4060,4285,4574,4534,4641,4643,4964,5272,5565,6082,7119,8298,11509	324592531
53	2783,1275,830,650,506,498,435,328,334,293,227,230,225,237,164,183,157,162,153,138,151,143,116,90,99,149,106,100,98,87,108,107,91,89,64,110,88,74,101,97,92,105,70,99,86,93,98,79,96,106,94,112,76,113,106,82,101,154,135,196,210	6403347	144541,58494,41580,32233,26696,23107,20483,16585,15700,14149,12645,11597,10953,9778,9419,8938,8183,7655,7723,7285,6940,6640,6669,6053,5852,5634,5468,5361,5318,5266,4725,4959,5068,4602,4459,4464,4397,4348,4358,4288,4335,4215,4287,4122,4204,4083,4138,3928,4230,4159,4431,4569,4660,4850,5189,5277,5922,6522,7415,8346,11444	334010273
54	2750,1180,852,633,502,454,389,325,298,281,258,239,228,195,168,216,168,168,189,131,149,136,144,92,129,134,110,105,79,93,102,98,96,100,70,119,74,73,95,73,92,100,88,89,84,67,88,96,85,85,98,104,81,103,114,108,120,164,131,189,204	6376325	139987,57566,40315,31373,25797,22208,20021,17067,15280,13868,12447,11151,10694,9567,8707,8531,8122,7708,7338,6995,6717,6660,6534,5939,5591,5639,5336,5192,5227,4941,4738,4543,4691,4464,4407,4179,4231,4188,4266,4227,4154,4151,4022,4055,4126,3991,3912,3867,4121,4045,4395,4229,4465,4690,5339,5425,5577,6339,7231,8117,11513	322985203
55	2794,1195,804,697,459,480,372,329,324,288,241,225,197,202,170,201,138,187,196,150,149,146,124,82,122,168,97,91,86,88,96,140,82,97,73,109,86,85,91,89,94,103,58,90,72,77,77,84,89,87,89,74,75,93,85,110,110,155,127,163,244	6377513	143852,59389,41389,32058,26257,22273,20107,17129,15438,14147,12438,11489,11010,9866,9262,8751,8228,7804,7538,7089,6780,6777,6532,6143,5720,5617,5565,5206,5063,5113,4820,4810,4889,4548,4481,4490,4523,4168,4216,4204,4266,4164,4211,4107,4213,4046,4031,4005,4227,4142,4364,4354,4700,4931,5172,5254,5642,6372,7384,8558,11571	330664134
56	2843,1169,794,654,457,464,438,367,338,254,214,210,242,201,150,179,152,167,171,136,134,152,131,88,131,154,109,99,93,102,116,116,74,99,70,117,66,78,88,104,74,81,80,98,73,94,76,78,72,80,103,89,77,86,130,91,93,135,102,169,220	6304160	141426,57998,41164,30934,25561,22077,19757,16828,15089,13932,12718,11608,10845,9869,9138,8714,8151,7712,7458,6951,6623,6653,6513,5958,5680,5479,5136,5145,5058,4855,4691,4708,4688,4630,4449,4341,4312,4310,4079,4217,4128,4103,4154,4160,4225,4110,3912,3996,4144,4055,4377,4283,4496,4712,4933,5067,5323,6269,7267,8361,11330	326479964
57	2710,1219,791,670,512,448,399,322,304,271,232,224,230,203,162,220,165,164,158,139,130,139,117,97,135,156,88,99,118,88,124,110,90,96,76,111,94,82,84,92,90,101,78,119,86,65,76,59,92,81,73,87,93,116,99,112,119,164,126,175,188	6313572	144463,59041,41860,31833,26563,22406,20246,17001,15268,14299,12632,11485,10770,9857,9099,8856,8216,7689,7734,7361,6911,6874,6621,6150,6048,5632,5488,5319,5267,5084,4801,4849,4919,4468,4491,4520,4368,4332,4278,4277,4228,4248,4086,4288,4163,3908,3900,3958,4239,4063,4448,4623,4703,4646,5126,5290,5738,6349,7243,8508,11671	332924968
58	2859,1271,823,678,486,480,386,315,297,266,248,211,243,229,168,197,145,161,161,127,156,144,133,88,113,136,102,91,105,98,94,118,98,97,77,97,71,83,100,68,93,80,76,85,72,76,93,86,76,96,84,83,81,103,133,118,106,159,141,172,237	6369085	145966,59216,41837,32477,26170,22312,20010,17134,15704,14806,12719,11541,10995,10053,9458,8932,8244,7922,7773,7288,6841,6908,6606,5980,5884,5926,5580,5338,5114,5136,4787,4799,4866,4663,4522,4456,4438,4284,4311,4209,4329,4258,4217,4093,4123,3950,4018,4050,4329,4018,4387,4658,4557,4783,5091,5183,5539,6583,7404,8376,12052	332663352
59	2819,1226,811,666,484,455,424,323,324,323,236,229,221,209,180,202,135,168,181,156,142,164,113,108,137,161,102,119,112,82,103,104,93,91,60,117,85,101,83,89,85,101,66,90,84,65,81,82,81,96,98,83,88,88,108,87,126,154,124,166,242	6356440	143349,59119,41748,31711,26629,22922,20339,17421,15567,14163,12794,11442,11089,9741,9133,8748,7989,7883,7522,7132,6780,6807,6701,6096,5776,5655,5575,5271,5205,5275,4866,4906,4999,4698,4470,4456,4500,4319,4163,4013,4117,4215,4006,4148,4087,4103,4104,4114,4216,4162,4473,4632,4635,4837,5205,5505,5782,6309,7283,8454,12050	331386515
60	2733,1246,802,699,529,516,401,341,312,309,216,235,180,227,196,187,168,192,188,143,123,131,119,82,127,146,96,108,101,96,105,114,93,90,67,115,74,72,88,104,83,87,93,79,67,81,82,88,76,105,95,104,106,110,127,106,97,154,136,166,227	6423166	144253,58828,41175,31571,26610,22539,20158,17142,15743,14687,13171,11615,10859,9703,9253,8981,8229,7846,7690,7137,6623,6570,6897,6236,6035,5732,5474,5378,5315,5230,5000,4814,4905,4605,4390,4506,4461,4371,4472,4205,4242,4247,4151,4179,4341,4212,4106,3891,4203,4262,4612,4615,4644,4818,5106,5436,5610,6287,7245,8274,11740	331829392
61	2734,1162,826,645,517,438,431,302,332,311,258,279,230,222,189,204,138,167,178,133,134,140,133,89,123,157,101,94,100,100,98,105,75,86,66,117,66,82,116,96,85,127,81,90,77,63,84,93,72,97,103,84,83,94,136,106,112,143,158,162,191	6372561	144451,58425,41086,31689,26352,22335,19978,16638,15165,14124,12547,11351,10883,9705,8986,8427,8132,7774,7555,7201,6698,6837,6584,6103,5784,5514,5493,5303,5105,5052,4487,4809,4809,4603,4460,4225,4257,4216,4174,4109,4109,4209,4120,4116,4193,3900,3798,3911,4171,4334,4408,4549,4615,4617,5002,5408,5726,6532,7313,8112,11692	328132609
62	2744,1216,792,726,467,462,368,320,330,281,278,225,239,224,184,185,162,194,184,131,138,118,131,86,130,165,97,104,102,100,109,109,92,96,75,111,79,98,93,69,79,98,78,102,90,76,86,73,78,99,99,75,81,115,95,102,98,143,147,174,210	6317489	144502,59195,42169,31988,26700,22960,20391,17235,15628,14500,13150,11586,11036,10195,9309,8962,8330,7692,7388,7122,6914,6724,6791,6236,5883,5875,5549,5492,5268,5326,4850,4837,4845,4546,4440,4483,4408,4401,4359,4251,4020,4098,4153,4038,4268,4087,4125,4156,4325,4408,4630,4638,4756,4726,5212,5355,5708,6306,7425,8512,11625	332184760
63	2845,1173,854,640,532,459,411,320,334,278,264,228,191,192,174,181,158,168,176,139,147,141,129,88,153,143,96,104,77,97,96,113,89,84,73,91,91,94,87,104,97,97,73,95,81,74,88,84,77,95,93,104,58,95,117,122,100,129,160,161,211	6417088	143515,58678,41410,30851,25804,22651,20121,17100,15468,14389,12541,11603,10798,9587,9104,8683,8136,7551,7460,6952,6533,6766,6595,5905,5764,5487,5367,5147,5111,4972,4825,4700,4783,4639,4384,4301,4287,4113,4248,4157,3950,3971,4098,3878,4077,4079,4068,3915,4102,4266,4603,4674,4796,4824,5297,5394,5455,6312,7095,7980,11894	329780620
64	2663,1252,757,656,510,442,357,304,317,281,206,227,220,231,192,179,127,149,183,123,123,163,132,86,114,130,102,102,87,85,101,118,76,85,74,90,76,77,100,84,88,109,81,103,76,60,72,84,89,97,86,82,74,110,115,103,103,151,134,183,220	6330451	142429,58621,40711,31201,26112,22814,20164,17264,15722,14159,12518,11213,10851,9810,9062,8897,8201,7721,7507,7099,6894,6848,6500,6012,5728,5727,5403,5472,5210,5215,4816,4690,4787,4630,4448,4326,4330,4250,4311,4009,4106,4102,4112,3991,4273,3995,4056,3839,4094,4223,4502,4502,4707,4902,5070,5400,5558,5923,7097,8579,11390	330142905
65	2777,1204,777,679,496,445,411,332,308,285,238,217,232,211,183,192,161,186,187,132,133,153,138,94,111,166,121,97,87,92,88,107,87,83,78,112,98,95,98,90,78,96,69,99,79,64,72,76,95,95,95,116,94,107,104,116,128,138,130,154,202	6347937	145564,59828,40971,32070,26445,22228,20198,16993,15472,14195,12587,11403,10780,9619,9338,8768,8153,7760,7494,7139,6741,6601,6335,6097,5918,5780,5527,5256,5290,5224,4708,4759,4926,4694,4504,4449,4433,4178,4141,4223,4136,4304,4345,4241,4304,3910,3931,3928,4222,4270,4487,4555,4593,4769,4972,5354,5690,6552,7290,8331,11701	332738582
66	2722,1186,866,655,494,477,396,335,326,289,260,223,225,198,195,223,166,173,182,139,133,132,132,96,134,144,99,108,89,99,102,118,87,86,67,127,92,95,80,84,83,110,76,101,90,64,88,75,76,89,75,113,84,100,102,110,125,148,136,162,234	6387334	143845,57628,40829,30862,26048,22359,20101,17086,15361,13718,12451,11392,10639,9571,8822,8740,7929,7644,7389,6943,6592,6862,6554,6174,5712,5777,5378,5291,5080,5044,4782,4783,4702,4570,4407,4261,4203,4286,4276,4151,4087,4124,4204,3999,4222,4060,4067,3919,4206,3980,4415,4395,4617,4757,5139,5357,5641,6218,7482,8351,11743	328506907
67	2793,1284,813,635,499,497,425,329,344,279,262,219,247,199,155,177,165,166,177,133,144,138,131,84,108,136,106,99,110,115,113,132,83,110,82,109,94,84,100,94,85,118,72,88,79,86,86,83,82,68,90,93,76,118,96,106,103,154,126,168,222	6416269	140757,57951,41118,31334,25820,21888,19872,16937,15543,14032,12540,11225,10615,9678,9206,8890,7980,7416,7185,6782,6535,6525,6528,6035,5587,5524,5263,5203,5049,5074,4795,4749,4718,4496,4422,4232,4143,4202,4134,4164,4073,4142,4090,3938,4173,3947,3929,3955,3969,3946,4261,4562,4679,4792,5148,5305,5718,6394,7340,8166,11430	323593807
68	2849,1278,800,729,499,473,405,334,335,308,232,226,226,224,183,189,142,190,183,154,146,143,111,90,128,158,95,100,101,102,107,98,83,88,70,133,68,91,79,96,90,110,86,105,87,79,81,81,95,92,90,103,88,104,113,117,118,156,148,181,223	6422827	144521,59076,41248,32068,25654,22081,19707,17197,15517,14297,12777,11680,10769,9828,9249,9045,8191,7725,7664,7097,6758,6817,6761,6034,5938,5695,5477,5340,5232,5173,4900,4945,4881,4720,4500,4418,4473,4258,4392,4228,4353,4274,4228,3954,4270,4168,4046,3951,4009,4084,4453,4472,4688,4742,5131,5288,5392,6328,7107,8404,12107	331422060
69	2781,1190,835,638,462,476,390,312,337,289,261,238,218,210,187,205,166,177,190,146,125,154,141,98,118,136,98,89,89,100,91,115,86,90,67,97,83,81,90,76,105,126,76,113,85,78,90,82,78,92,88,101,100,94,105,97,115,141,130,168,211	6325431	143175,58494,41971,31617,25765,21952,19719,16952,15643,13995,12786,11696,10527,9793,9133,8695,8110,7576,7764,7172,6918,6757,6567,6034,5677,5663,5450,5122,5022,5011,4791,4776,5025,4575,4481,4355,4359,4225,4201,4238,4159,4272,4089,4054,4052,3884,3901,3999,4135,4266,4543,4371,4620,4623,4917,5186,5667,6384,7417,8306,11585	327372263
70	2683,1190,843,648,458,435,382,333,333,304,240,225,237,230,180,197,157,199,192,140,134,129,132,97,135,147,98,98,100,94,110,133,92,107,67,91,93,89,96,94,91,109,85,94,86,84,89,75,80,73,94,94,84,96,131,98,109,165,144,170,200	6312847	142419,58132,40741,31253,25961,21939,20506,17202,15634,14223,12806,11463,10647,9691,9366,8830,8197,7599,7457,7050,6668,6809,6609,6152,5768,5578,5373,5104,5023,5045,4719,4772,4762,4491,4325,4191,4242,4283,4405,4246,4303,4179,4108,4186,4232,4089,3964,3881,4139,4073,4460,4634,4699,4748,5057,5217,5638,6253,7282,8346,11603	327364953
71	2793,1250,839,659,522,477,381,326,313,292,237,224,213,191,169,198,159,185,185,140,153,109,128,82,130,148,113,89,86,89,97,112,78,107,64,94,95,82,92,78,79,121,83,99,74,89,89,91,78,101,88,106,84,104,129,97,105,154,150,170,227	6373839	142397,58336,40082,30842,25766,22270,19992,16828,15249,13980,12393,11426,10564,9607,9153,8798,8126,7502,7494,7098,6827,6753,6552,5956,5736,5789,5441,5342,5086,4938,4673,4798,4677,4457,4427,4392,4253,4205,4146,4205,4179,4187,3870,3901,4121,3997,3953,3842,4227,4180,4403,4533,4766,4731,4999,5463,5361,6148,6921,8166,11730	326276599
72	2742,1213,789,667,473,462,356,334,342,311,235,218,184,228,156,154,153,198,169,130,128,121,119,94,118,176,95,106,92,89,108,127,90,94,79,123,63,97,101,79,97,107,76,94,86,67,82,85,88,79,102,79,88,123,116,92,119,131,141,155,204	6325129	143130,58828,41320,31788,26224,22288,20287,17084,15306,14056,12579,11600,10793,9712,8889,8315,8159,7778,7674,7058,6916,6891,6694,5994,5764,5658,5410,5229,5149,5256,4716,4723,4833,4632,4454,4460,4358,4199,4262,4339,4307,4190,4045,4092,4121,3925,3878,3936,4112,4091,4320,4421,4693,4719,5212,5356,5601,6267,7250,8267,11476	329621026
73	2753,1166,810,660,507,488,388,342,298,301,245,234,221,212,182,175,163,184,176,154,133,132,136,94,140,149,110,121,105,101,88,105,77,101,65,110,68,82,98,75,71,98,67,108,76,71,101,78,100,87,94,87,98,93,100,105,103,154,134,176,239	6428473	145439,58399,41909,31531,25980,22031,19969,17351,15938,14117,12660,11418,10635,9935,9153,8687,7999,7767,7681,7110,6847,6725,6622,5974,5684,5575,5346,5277,5030,4985,4779,4738,4719,4514,4395,4189,4282,4178,4132,4180,4267,4209,4252,4109,4310,3980,3954,3927,4017,4000,4317,4689,4791,5029,5383,5371,5641,6343,7465,8136,12022	331128635
74	2729,1145,809,665,452,515,400,327,321,278,233,223,248,236,164,169,138,160,212,135,142,136,138,82,121,161,100,99,70,103,97,133,89,89,82,101,73,77,112,96,109,103,76,85,86,73,83,66,72,81,95,92,81,127,119,90,101,173,149,163,220	6385723	140210,57817,41159,31033,26165,22103,20119,16463,15042,13818,12244,11119,10613,9443,9177,8711,7948,7621,7423,6814,6595,6748,6465,5987,5643,5539,5222,5145,4951,5119,4761,4781,4625,4454,4380,4283,4289,4229,4225,4126,4086,4051,4014,4083,4183,3842,3887,3835,4046,4108,4347,4389,4573,4626,5214,5349,5743,6346,7142,8238,11143	324588135
75	2725,1154,796,676,525,508,389,332,347,293,257,235,216,217,182,184,152,167,180,153,158,152,126,78,139,161,97,94,113,98,118,108,98,116,72,97,92,77,110,102,85,127,88,115,73,63,96,79,87,97,101,73,76,95,113,94,106,147,115,147,235	6383675	142905,57174,40072,31303,25707,21915,19647,16458,15209,13948,12756,11449,10924,9669,8958,8631,7896,7551,7533,7110,6835,6680,6456,5994,5770,5653,5327,5285,5042,4972,4933,4730,4801,4427,4531,4316,4304,4275,4211,4346,4190,4159,4098,3973,4171,3940,3771,3899,3932,4082,4379,4445,4651,4609,5045,5081,5421,6166,7218,8235,12222	325994173
76	2787,1192,845,694,498,475,384,329,308,288,253,228,240,213,171,189,162,195,169,134,119,153,128,106,141,182,98,121,90,95,114,122,96,98,63,115,90,99,103,80,71,105,89,119,66,66,91,86,93,86,97,106,74,115,115,89,126,140,134,160,200	6370450	144355,58544,40958,32379,26309,22531,20149,17188,15381,14441,12841,11715,10838,9829,9242,8743,8309,7742,7413,7061,6706,6597,6617,6191,5920,5775,5353,5483,5196,5182,4797,4776,4728,4519,4476,4327,4376,4252,4338,4255,4245,4209,4039,4267,4198,4131,4001,4078,4211,4378,4455,4692,4699,4875,5368,5612,5721,6401,6937,8222,11774	331595396
77	2683,1228,798,692,483,446,400,324,274,304,205,210,239,239,154,190,159,185,172,129,137,141,122,70,114,150,109,84,96,98,105,108,84,83,59,85,71,109,105,95,83,109,83,92,82,83,89,74,87,89,105,101,67,116,114,103,114,143,129,149,224	6331713	144047,57952,40554,31230,25900,22265,19952,16903,15523,14220,12535,11299,10827,9842,9159,8939,8367,7789,7649,6993,6658,6756,6529,6185,5879,5618,5652,5266,5135,5164,4834,4778,4987,4604,4453,4332,4346,4284,4265,4230,4152,4139,4210,4190,4105,4024,3999,4038,4131,4043,4438,4633,4564,4597,4945,5255,5525,6287,7195,8172,11828	326954206
78	2739,1233,796,631,476,494,409,319,375,279,245,216,233,234,181,190,143,165,171,145,125,129,135,75,112,169,96,99,99,91,95,98,95,95,66,103,83,83,104,105,85,118,58,109,71,72,80,79,82,86,83,98,89,96,117,96,121,133,121,171,210	6354870	142961,57748,40547,30571,25867,22100,19914,16913,15294,13957,12224,11440,10978,9773,9175,8987,8051,7963,7517,7011,6764,6742,6523,6205,5837,5675,5333,5153,5046,4975,4766,4822,4770,4490,4424,4325,4284,4211,4199,4119,4219,4148,4089,4229,4253,4103,4089,3858,4224,4075,4311,4480,4518,4860,5008,5199,5578,5978,7098,8358,11678	326285894
79	2847,1184,825,678,515,489,353,337,315,303,231,216,231,187,173,194,159,182,167,151,130,139,131,92,136,125,113,113,99,96,106,123,91,85,76,117,74,104,103,74,99,109,89,99,97,81,88,63,95,98,94,103,84,81,100,103,114,159,126,157,209	6400282	145751,59553,41499,32234,26269,22539,20648,17293,15565,14573,13061,11994,10795,10062,9328,8903,8114,7794,7662,7050,6879,6810,6609,6056,5871,5693,5565,5345,5200,5160,4817,4817,4940,4769,4600,4391,4439,4218,4348,4188,4192,4142,4068,4000,4394,4084,4061,4194,4270,4275,4453,4682,4743,4833,5365,5191,5610,6486,7427,8589,11511	333708740
80	2694,1157,798,678,484,477,423,330,314,284,267,235,239,226,178,183,157,156,173,106,121,146,117,94,139,143,95,116,85,98,112,111,91,100,79,107,82,83,89,96,88,96,75,79,68,68,86,72,88,91,88,83,96,113,98,116,111,143,127,173,238	6358508	144123,58539,41790,31977,26441,22663,20262,17587,15382,13955,12834,11337,10589,10206,9397,8747,8109,7605,7641,7129,6861,6774,6655,6167,5927,5611,5472,5337,5089,5011,4801,4761,4778,4611,4421,4351,4288,4320,4187,4221,4288,4134,4257,4120,4219,4072,4038,4080,4138,4123,4364,4428,4404,4792,5015,5460,5672,6322,7674,8180,11758	331711365
81	2689,1210,804,643,463,435,415,351,323,286,245,228,230,199,178,166,163,188,171,156,147,126,131,91,120,159,81,93,115,100,108,113,83,95,69,85,83,99,89,82,94,111,93,122,75,73,80,102,71,84,85,101,87,114,107,80,116,139,144,169,200	6370651	141728,57238,40801,31505,26303,21716,19883,16890,15279,13997,12426,11287,10743,9822,9049,8628,8155,7498,7358,7008,6665,6690,6735,6054,5661,5513,5310,5251,5013,5055,4729,4593,4634,4383,4371,4328,4346,4246,4243,4206,3906,4088,3999,4019,4093,3849,3952,3918,4251,4029,4312,4501,4482,4848,5055,5216,5743,6292,7281,7944,11924	326523251
82	2822,1224,774,707,487,493,414,337,337,278,252,230,212,220,204,183,167,168,197,139,131,124,125,103,132,144,96,100,91,89,96,107,102,101,64,109,92,78,95,66,111,107,82,90,98,79,90,77,88,83,106,91,84,128,115,98,103,162,113,161,180	6434527	141176,57718,41321,30599,25906,22182,19716,16598,14830,13472,12234,11087,10631,9667,8786,8570,8051,7594,7510,6933,6703,6495,6392,5758,5564,5389,5161,5129,5008,5020,4805,4805,4732,4464,4310,4283,4353,4144,4177,4256,4107,4193,4043,4019,4207,3925,3657,3817,3942,4067,4283,4244,4431,4560,5196,5357,5732,6231,7333,8337,11456	323322713
83	2701,1201,822,658,494,493,378,317,347,289,268,199,231,235,171,177,148,137,158,153,148,121,142,92,128,153,110,98,91,119,133,137,91,87,75,114,75,89,101,86,89,95,76,90,83,65,81,78,80,76,98,85,85,128,124,123,105,140,121,180,223	6293775	140531,57413,39759,31548,25165,21464,19512,16620,15322,13966,12475,11394,10668,9611,8902,8572,7923,7581,7215,6929,6541,6471,6513,6194,5797,5542,5317,5110,5014,4988,4701,4714,4820,4656,4397,4265,4228,4208,4107,4111,4292,4178,4065,4019,3953,3939,3910,3923,4001,4022,4295,4359,4420,4596,4985,5127,5380,6085,6991,7765,11313	324248115
84	2738,1239,810,654,507,452,417,322,310,300,232,212,215,252,170,189,148,175,205,153,144,147,135,100,121,156,110,93,81,96,101,103,99,84,72,109,73,95,111,98,100,100,76,92,90,72,73,86,84,89,95,88,99,110,118,104,106,148,143,175,218	6373515	142946,57501,40765,31125,26157,22514,19839,16998,15530,13876,12758,11059,10711,9816,8974,8607,8060,7455,7497,7127,6818,6582,6475,5939,5855,5540,5298,5271,5209,4907,4768,4685,4690,4574,4382,4331,4381,4106,4255,4175,4081,4070,4201,4043,4216,3791,3971,3891,4199,4082,4501,4524,4635,4776,4889,5167,5578,6324,7303,8063,12096	326785973
85	2755,1166,807,682,498,474,396,291,315,326,253,207,228,216,169,213,173,163,210,146,146,129,129,99,122,139,110,102,103,98,87,114,91,94,74,101,67,93,89,75,92,100,87,94,70,88,88,85,85,117,83,105,88,98,102,114,120,150,129,153,239	6338776	140900,58009,40647,31241,25957,22324,19853,16816,15143,13815,12530,11324,10483,9709,9030,8753,7868,7723,7415,6989,6746,6862,6466,5849,5637,5538,5260,5170,4953,4956,4759,4595,4736,4531,4343,4293,4277,4247,4337,4195,4181,4270,4160,3980,4006,3957,3923,3974,4000,4029,4318,4514,4688,4768,4937,5322,5597,5996,6999,8264,11770	325505066
86	2879,1153,844,655,492,470,389,313,331,295,244,248,227,239,181,184,151,177,188,129,146,145,138,109,141,177,104,103,101,106,109,112,81,96,74,107,82,85,84,88,96,106,85,88,84,71,75,91,91,84,91,82,104,97,136,92,95,134,142,148,235	6463115	145597,58673,41625,31816,26461,22796,20290,17649,15942,14488,13364,11544,11122,9986,9131,9076,8288,8163,7463,7044,6721,6718,6628,6169,5865,5744,5498,5327,5144,5199,4686,4742,4852,4845,4526,4438,4448,4308,4334,4280,4168,4029,4285,4091,4449,4127,3959,3971,4280,4334,4467,4697,4592,4866,5140,5413,5735,6298,7380,8165,11573	336789776
87	2835,1203,790,669,502,458,457,334,288,256,249,244,214,225,149,168,148,181,175,136,140,149,122,96,104,142,118,100,106,108,103,116,87,92,80,106,90,92,103,73,76,107,83,99,75,77,77,83,76,83,91,93,98,95,112,106,129,130,167,167,221	6451689	145022,58194,41038,31403,25790,22118,19811,16904,15467,14131,12599,11227,10608,9829,9029,8771,8199,7772,7690,7224,6772,6927,6662,6095,5896,5736,5543,5420,5346,5160,4995,4979,4885,4514,4369,4287,4360,4232,4375,4198,4194,4133,4150,4096,4142,4026,3988,3854,3840,4051,4243,4487,4597,4599,4968,5087,5672,6236,7072,8159,12086	330504626
88	2768,1153,794,648,501,491,369,353,293,269,252,200,218,223,185,192,155,172,170,144,153,134,122,86,116,142,106,87,101,105,109,134,86,83,84,102,79,86,109,112,68,86,89,91,91,86,84,81,72,100,117,101,86,113,94,106,112,126,136,176,240	6345367	144470,59475,41101,32097,26326,22513,20193,16945,15774,14306,12885,11588,10940,10048,9351,8931,8235,7640,7503,7181,6815,6985,6722,6167,5686,5621,5412,5316,5132,5207,4844,4674,4763,4648,4432,4412,4509,4248,4399,4273,4133,4210,4189,4125,4245,4097,3988,4016,4133,4274,4495,4568,4641,4733,5051,5189,5887,6372,7170,8396,11468	330955513
89	2898,1246,804,664,527,510,431,298,341,323,232,238,219,234,173,188,148,180,189,131,141,139,142,89,125,143,107,94,98,93,107,125,97,86,73,101,75,90,96,68,100,96,86,91,82,62,85,85,90,79,80,86,100,87,107,123,123,140,159,164,210	6516811	144017,59355,41238,31472,25730,22409,20402,17330,15292,14300,12642,11408,10738,9642,9213,8549,8068,7806,7520,7074,6828,6797,6784,6175,5992,5746,5421,5429,5322,5200,4986,4891,5007,4623,4596,4431,4437,4245,4429,4226,4173,4124,3992,3950,3966,3950,3852,3904,4099,4055,4371,4570,4487,4792,5243,5584,5541,6399,7179,8432,11966	332436530
90	2941,1206,818,628,489,487,420,330,343,288,263,247,228,186,201,198,163,174,186,133,133,120,124,72,112,151,100,101,92,104,101,100,85,75,79,119,84,92,80,79,87,121,93,76,73,77,86,81,87,96,84,88,80,120,110,105,104,139,122,159,189	6379486	140129,57093,40276,30422,25116,21550,19395,16467,14913,13874,12520,10957,10491,9440,8901,8485,7698,7509,7197,6921,6432,6456,6189,5929,5365,5547,5169,5096,4841,4753,4567,4519,4571,4400,4138,4108,4053,4026,4081,3971,3980,3959,4152,4011,4155,3924,3910,3860,3990,4117,4343,4465,4442,4637,4863,5207,5381,6206,7199,8213,11545	319618997
91	2880,1215,756,656,482,442,415,340,342,268,232,237,221,208,156,164,156,181,154,138,147,127,129,84,124,149,95,128,118,103,120,117,84,78,73,113,76,112,96,84,96,105,97,103,70,65,86,80,76,91,93,80,80,130,135,102,113,162,149,150,212	6374345	144648,59118,41868,31657,26118,22514,20366,17208,15458,14314,12755,11444,10814,9716,9046,8586,8306,7842,7401,7000,6815,6775,6580,6150,5751,5626,5437,5365,4983,4961,4710,4737,4674,4670,4396,4244,4257,4162,4142,4128,4275,4228,4163,4272,4332,4120,4082,4112,4186,4221,4660,4563,4677,4990,5220,5263,5671,6221,7650,8577,11667	334088638
92	2728,1208,843,637,471,471,393,378,346,300,242,242,239,212,176,175,164,190,191,131,137,117,127,95,123,140,94,110,78,110,95,95,99,94,76,104,87,83,104,98,101,128,97,97,80,79,76,92,76,91,90,91,92,100,107,104,111,160,139,150,216	6430912	139157,57039,39699,30919,25525,21693,19099,16156,14759,13566,12553,11399,10768,9621,8913,8486,7835,7573,7392,6977,6699,6536,6371,6017,5550,5274,5175,5072,5019,4761,4419,4532,4588,4400,4214,4242,4170,4126,4230,4196,4086,3971,3984,4082,4098,3949,3746,3875,4162,4080,4343,4282,4372,4521,4968,5256,5493,6155,7119,8240,11451	322146672
93	2666,1196,808,666,468,514,413,348,349,297,231,238,207,253,187,181,150,188,186,150,150,123,129,99,115,158,105,82,107,103,133,110,75,77,85,106,79,81,86,80,90,108,85,104,91,72,90,64,85,80,110,93,86,123,114,78,126,134,127,169,207	6361933	146777,59522,41985,32019,26772,22630,20343,17406,15714,14469,13246,11587,10918,9760,9231,8804,8350,7792,7563,7162,6745,6777,6660,6022,5932,5695,5462,5164,5087,5150,4717,4795,4880,4608,4545,4363,4552,4408,4416,4204,4186,4198,4190,4293,4287,4084,4022,3900,4032,4271,4477,4619,4642,4824,5156,5485,5724,6411,7546,8536,12019	333699666
94	2738,1181,779,575,464,473,374,335,329,288,258,211,202,217,178,194,162,163,188,138,132,134,153,102,150,142,97,114,96,96,111,95,90,85,68,105,84,73,75,75,96,115,104,100,92,71,85,83,98,100,76,97,82,91,116,101,121,173,140,176,224	6341494	141120,56440,40062,30796,25442,22093,19775,16851,14901,13835,12119,10861,10393,9234,8951,8471,7773,7542,7354,6813,6576,6643,6501,5872,5550,5481,5366,5217,5134,5076,4652,4613,4620,4532,4328,4268,4235,4096,4123,4141,4008,4103,4006,3924,4054,3884,3831,3825,4151,4040,4217,4334,4537,4682,4996,5457,5500,6201,6858,7926,11595	322886531
95	2830,1239,789,659,489,542,391,348,296,295,238,226,226,228,161,194,138,172,177,123,158,119,112,104,134,138,112,104,83,91,94,113,84,78,71,104,75,92,112,81,100,96,73,114,88,70,76,79,82,87,89,90,80,97,110,103,107,140,125,164,213	6377755	142051,58152,40920,31699,26103,22318,19728,16990,15048,14419,12714,11591,11005,9971,9187,8776,8135,7615,7423,7046,6726,6766,6548,5827,5728,5649,5313,5140,4924,4943,4586,4761,4746,4530,4497,4563,4366,4259,4252,4158,4164,4147,4076,4140,4164,4128,4089,3980,4250,4228,4377,4623,4472,4635,5020,5254,5832,6434,7007,8089,11343	326234336
96	2808,1194,800,682,462,529,412,306,293,336,255,232,240,208,155,200,147,170,176,142,137,135,131,92,130,128,94,105,108,100,103,118,96,78,68,110,75,84,110,81,95,103,83,103,75,74,78,81,84,100,78,102,100,94,120,101,109,142,139,167,193	6409086	146067,58699,40795,32314,26610,22916,20264,17162,15620,14322,12829,11850,10961,9879,9161,8741,8192,7739,7655,7287,7004,6823,6639,5969,5715,5570,5534,5258,5193,5127,4747,4867,4833,4516,4431,4366,4365,4171,4293,4377,4280,4242,4167,4142,4129,4072,4076,4159,4322,4260,4690,4516,4527,4781,5287,5497,5656,6329,7101,8382,11920	332037938
97	2819,1189,812,662,462,493,378,349,296,284,220,242,258,212,178,177,139,160,178,156,151,139,137,96,111,155,118,84,101,97,89,123,90,93,76,120,68,77,89,86,90,124,58,105,82,59,71,94,77,94,93,101,74,98,105,121,124,149,158,177,204	6390518	143792,57542,41196,31141,25739,22083,19748,16802,15190,14226,12615,11301,10703,9777,9189,8844,8045,7611,7515,6914,6633,6709,6547,5894,5797,5559,5518,5180,5193,5120,4686,4764,4701,4529,4316,4394,4254,4197,4217,4169,4203,4048,3977,4029,4210,4182,3946,3923,4064,4142,4635,4634,4507,4681,5049,5263,5423,6055,7246,8133,11819	327748241
98	2807,1226,746,692,503,466,413,368,323,342,246,237,254,213,159,164,169,191,203,161,146,150,141,77,147,134,98,125,116,110,124,122,82,90,66,117,78,96,97,88,105,122,74,94,83,80,71,81,82,103,97,94,98,104,116,103,106,156,118,169,226	6481228	144552,58060,40778,31183,25811,22276,19619,16759,15195,13890,12466,11418,11086,9736,9240,8832,8227,7472,7454,7067,6745,6798,6839,6185,5789,5619,5326,5175,5153,5176,4803,4909,4932,4545,4339,4285,4303,4346,4340,4129,4155,4171,4110,4017,4173,3992,3919,3919,4052,4235,4384,4442,4606,4656,5074,5343,5419,6190,7162,8049,12022	328235025
99	2822,1191,789,674,484,492,375,336,326,300,274,267,212,250,182,170,150,188,182,128,154,136,148,97,114,140,89,108,103,121,94,111,89,107,98,92,92,96,85,82,95,117,86,99,68,75,85,83,79,86,89,111,95,98,123,126,97,133,134,160,207	6391023	147849,60473,42693,32627,27081,23270,20791,17929,16577,15149,13286,11790,10775,10128,9123,8901,8381,7896,7880,7238,6930,7144,6881,6297,5931,5952,5707,5499,5376,5316,5004,4975,4983,4688,4702,4557,4595,4370,4274,4187,4360,4251,4269,4212,4390,4057,4150,4050,4179,4342,4710,4939,4871,4886,5264,5489,5794,6382,7757,8552,11810	340450394
100	2892,1184,746,691,479,500,391,329,317,282,254,228,241,223,173,165,158,177,169,146,125,138,125,84,132,151,98,117,91,102,120,100,117,88,70,114,76,73,99,82,101,108,93,99,78,90,84,77,98,76,98,79,97,104,122,120,99,154,129,186,207	6366298	144486,58984,41216,31877,25804,22599,20549,17607,15939,14041,12871,11684,10776,9803,9181,8759,8275,7781,7490,7028,6862,6767,6711,6045,5725,5759,5338,5379,5319,5244,4897,4802,4705,4702,4580,4326,4408,4346,4237,4171,4132,4177,4056,4054,4194,4023,4037,3991,4137,4282,4608,4494,4678,4811,5170,5168,5510,6382,7197,8392,11839	332036212
