bs_rep	neu_sfs	neu_call	sel_sfs	sel_call
0	2961,1263,866,708,528,517,409,339,340,315,259,248,246,233,184,194,170,190,187,149,143,144,139,100,132,163,107,114,101,110,113,124,93,103,76,112,90,95,98,93,95,118,87,102,93,90,86,90,91,104,97,100,93,116,117,105,116,164,148,179,234	6795515	164147,68366,48192,36338,30284,25591,23316,19753,17522,15869,14613,13369,12334,11403,10799,10376,9740,9036,8668,8429,8026,7752,7440,7013,6556,6453,6344,6108,6060,5705,5805,5545,5515,5425,5164,4970,4936,4940,4982,5120,4831,4834,4891,4713,4752,4776,4670,4725,4871,4901,5130,5182,5263,5527,5712,6243,6567,7345,8188,9939,13278	386044002
1	2899,1329,856,726,512,508,398,334,369,353,242,227,253,223,176,200,167,186,224,152,134,182,127,103,125,160,129,125,102,101,120,125,100,96,71,103,94,83,96,87,96,124,74,90,102,97,88,92,91,99,91,92,89,93,123,81,118,162,151,168,217	6706301	163612,68275,47211,35663,29911,25298,23639,19696,17722,15767,14292,13200,12117,11355,10780,10348,9762,9057,8809,8489,8123,7758,7414,7032,6607,6389,6209,6154,5970,5842,5708,5470,5555,5450,5230,4949,5035,4881,4959,5133,4867,4788,4949,4686,4764,4735,4637,4669,4837,4714,5063,5249,5107,5505,5806,6396,6518,7102,8011,9819,13373	385092589
2	2916,1327,821,687,527,500,431,333,363,271,244,236,212,250,177,192,181,162,178,144,153,136,136,95,111,185,121,118,96,124,120,119,96,111,71,121,94,89,73,93,84,114,99,95,95,90,95,96,91,104,117,100,97,106,136,97,111,151,150,213,238	6834832	165505,67520,47819,36565,29906,25838,23574,19939,17636,16051,14809,13548,12764,11566,10972,10350,9707,8951,8818,8410,8102,7823,7519,7006,6661,6460,6390,6193,6128,5621,5859,5523,5621,5447,5035,4990,4774,5075,4805,5089,4947,4827,4925,4724,4966,4825,4896,4753,5043,4924,5310,5253,5285,5575,5644,6408,6529,7500,7959,9529,12950	390388945
3	2901,1265,858,694,519,521,383,359,349,317,241,283,268,247,212,191,157,191,174,148,148,138,145,92,123,141,110,111,99,107,120,137,85,112,79,125,86,88,96,94,78,109,93,113,100,103,91,76,94,108,99,114,73,129,105,102,117,151,153,192,237	6734815	163338,68827,47588,36049,30024,25216,23030,19739,17780,16185,14706,13703,12376,11203,10703,10358,9616,9208,8424,8348,8024,7653,7299,7074,6436,6300,6267,6058,6119,5578,5785,5602,5490,5397,5075,4963,4827,4852,4828,5272,4746,4725,4835,4704,4644,4730,4762,4677,4797,4895,5164,5070,5407,5629,5705,5964,6557,7274,8153,9978,13532	382987995
4	2889,1227,867,632,513,553,405,361,343,315,269,282,223,226,187,171,177,182,177,144,135,157,151,110,117,179,89,102,80,112,117,114,96,100,66,99,89,94,111,89,85,121,90,104,112,95,80,100,83,100,95,99,82,121,114,86,103,159,153,181,252	6704351	164610,68162,47760,35502,30399,25674,23940,20032,17504,15724,14451,13293,12529,11362,10856,10319,9647,8877,8591,8507,7965,7617,7213,6961,6599,6446,6393,6175,6211,5728,5790,5538,5524,5480,5050,4994,4796,4958,4949,5180,4654,4756,4851,4795,4747,4815,4680,4796,4791,4746,5148,5349,5310,5551,5722,6037,6688,7333,7960,9848,13328	385807969
5	2774,1243,925,725,491,484,408,308,344,287,227,258,286,225,195,188,153,163,204,162,149,147,151,101,125,158,115,119,89,98,125,106,107,92,74,116,87,75,79,88,94,112,94,99,86,94,75,91,80,108,109,86,85,102,114,114,121,169,155,166,216	6721023	166371,68383,48442,36275,30301,25356,23019,19867,17473,15924,14727,13523,12347,11566,10541,10552,9838,9084,8588,8279,8034,7631,7513,7139,6594,6414,6181,6095,6025,5585,5775,5470,5410,5573,5141,4956,4966,4891,4944,5037,4790,4786,4958,4916,4728,4716,4674,4675,4782,4841,5166,5081,5255,5599,5516,6179,6586,7455,8155,10084,13703	388251962
6	2995,1319,842,760,529,554,419,319,334,351,268,261,238,210,183,186,155,183,194,162,135,151,143,92,127,162,87,126,114,110,98,116,95,94,88,110,95,106,100,89,79,116,98,107,104,94,80,97,81,111,111,102,81,108,148,114,114,183,147,175,230	6808407	160869,68731,48152,35944,29639,25259,22575,19371,17006,15324,14547,13177,12067,11161,10702,10185,9908,9097,8566,8469,8086,7772,7470,6956,6383,6110,6279,5966,5865,5594,5654,5282,5381,5396,5109,4778,4889,4938,5038,5084,4891,4754,4753,4720,4639,4656,4729,4806,4794,4884,5097,5086,5008,5368,5421,6273,6480,6996,8032,9798,12808	379271944
7	2930,1252,879,695,537,480,412,335,349,316,233,241,218,267,178,215,166,180,178,136,164,154,143,94,142,151,116,119,90,117,116,128,99,97,82,115,103,97,115,81,81,124,99,102,111,79,80,83,98,90,97,94,77,97,118,120,131,152,177,161,240	6812505	165772,68715,49366,36365,30322,25588,23261,19703,17591,16097,14816,13490,11979,11492,10975,10416,9789,9048,8683,8281,7907,7663,7356,7022,6549,6573,6323,6080,6102,5694,5950,5481,5567,5411,5188,5075,4832,5007,5059,4989,4636,4634,4875,4716,4679,4866,4785,4713,4970,4866,5187,5341,5252,5342,5837,6505,6730,7383,8422,10031,13168	388603708
8	2937,1210,885,740,569,505,375,343,372,265,271,278,225,219,216,211,174,190,210,145,145,142,127,95,153,143,117,100,93,118,113,135,90,111,82,119,83,96,82,103,97,106,91,112,100,93,92,89,86,95,105,113,105,114,127,87,97,171,152,179,223	6772909	161479,67182,46891,35391,29285,25190,23107,19768,17293,15603,14736,13336,12256,11424,11015,10359,9868,9000,8585,8363,7885,7458,7044,6870,6461,6105,6161,6214,6085,5700,5779,5516,5550,5403,5002,4918,4851,4904,4877,4978,4800,4756,4859,4702,4653,4778,4565,4566,4866,4951,5206,5114,5115,5484,5552,6110,6346,6972,7842,9834,13415	380121563
9	3016,1273,868,709,516,498,417,325,335,338,267,255,230,232,167,189,168,185,175,148,132,142,132,101,136,153,111,117,101,106,120,117,100,102,76,112,77,100,92,72,91,104,89,91,91,76,91,92,78,116,101,105,79,119,118,91,103,161,160,185,245	6792305	163446,67907,46931,36055,30504,26077,23784,19722,17313,15990,14586,13237,12145,11398,10925,10417,9629,8872,8485,8170,7943,7662,7257,7043,6590,6603,6456,6017,5826,5484,5725,5408,5449,5429,5155,4980,5118,5201,4978,4986,4722,4815,4966,4737,4856,4732,4695,4732,4979,4971,5111,5185,5401,5483,5882,6256,6480,7430,7959,9770,13005	385944421
10	2972,1329,872,672,569,538,416,327,353,327,275,245,271,239,192,193,150,209,180,146,143,120,118,110,149,153,95,115,90,113,128,129,103,103,85,121,80,99,96,104,93,137,87,111,86,96,87,89,96,130,77,101,107,106,100,105,113,159,131,198,243	6851342	163935,68794,48485,36551,30292,25551,23382,19883,17659,15870,14712,13365,12511,11637,10911,10563,9865,9211,8735,8386,8093,7741,7507,7044,6687,6440,6062,6141,6070,5651,5789,5508,5604,5470,5187,4915,4903,4974,5053,5138,4848,5018,4951,4770,4756,4868,4756,4751,4954,4931,5161,5272,5194,5583,5588,6279,6613,7375,8222,10154,13560	386504823
11	2970,1236,904,729,542,545,412,355,351,325,265,241,238,232,177,195,149,169,190,144,160,143,152,97,119,160,97,116,83,123,92,131,88,107,88,112,89,95,73,89,108,135,104,98,96,91,97,99,92,100,97,87,102,97,119,103,118,168,165,165,252	6794506	163597,67800,47018,35678,29815,24958,23021,19273,17234,15309,13995,12897,11957,10975,10505,10281,9806,9040,8604,8371,7879,7561,7226,6858,6477,6358,6300,6000,5947,5568,5664,5596,5204,5219,4939,4857,4827,4807,4931,5012,4879,4791,4797,4598,4670,4681,4524,4687,4669,4807,5077,5167,5253,5524,5735,6117,6502,7280,7764,9740,13618	380518655
12	2790,1214,877,671,480,545,436,335,334,303,250,248,243,214,167,213,176,202,185,146,142,177,120,111,131,175,117,103,87,127,106,125,84,88,74,109,77,114,77,106,78,125,87,106,97,86,78,94,84,88,100,80,95,118,107,110,89,149,150,165,243	6736919	163654,66966,47626,35843,30252,25380,23208,20012,17476,15878,14503,13207,12002,11221,10424,10375,9289,8757,8390,8310,7945,7590,7613,7168,6499,6404,6298,6192,6061,5659,5598,5477,5648,5480,5043,5036,5031,5148,5044,5177,4825,4831,4954,4704,4735,4721,4531,4573,4866,4802,5046,5206,5244,5576,5788,6302,6556,7147,7996,9630,13286	382463897
13	2920,1272,851,716,542,500,390,335,331,326,262,240,245,222,186,211,164,178,197,169,154,149,142,95,119,173,95,113,81,96,101,134,81,107,71,115,67,82,81,73,88,124,102,108,95,81,78,72,83,92,97,99,90,105,112,92,122,152,177,145,218	6780094	160729,67159,47812,35957,29931,25907,23242,19525,17518,15786,14576,13559,12357,11603,10541,10029,9341,8854,8407,8264,7694,7676,7370,7076,6707,6371,6361,6100,6107,5781,5988,5713,5598,5370,4938,4768,4685,4886,4898,5000,4581,4793,4745,4639,4642,4791,4566,4688,4904,4950,5227,5029,5265,5542,5617,6466,6582,7378,7957,9551,12667	383956424
14	2951,1327,867,753,571,505,375,361,371,343,258,253,241,257,180,198,151,211,209,181,148,150,137,99,126,162,126,115,99,127,114,117,99,109,88,119,84,100,107,90,90,128,83,103,106,118,87,90,79,110,97,85,89,131,111,116,121,162,148,158,238	6793770	164074,68272,48620,36505,30813,25797,23438,19792,17642,15827,14554,13155,12181,11358,10723,10401,9811,9024,8703,8533,8080,7766,7512,7064,6779,6646,6479,6410,6093,5679,5803,5591,5648,5563,5437,5084,5027,4988,5027,5056,4899,4959,4991,4688,4655,4743,4559,4704,4839,4767,5134,5083,5352,5453,5894,6443,6870,7387,8342,9910,13521	386926469
15	2973,1331,847,710,509,492,401,359,336,371,275,241,286,243,195,189,180,175,197,157,138,160,144,100,133,147,131,111,102,115,124,114,83,101,69,117,84,86,107,90,78,124,92,121,96,100,82,84,95,95,102,96,91,130,110,109,121,157,154,188,214	6819933	160587,66577,46328,35302,29828,24977,22597,19073,16923,15311,14577,13433,12124,11249,10261,10137,9435,8564,8354,8244,7896,7633,7404,6866,6482,6363,6148,6126,5847,5634,5602,5384,5478,5300,5060,5030,4890,4813,4968,5163,4619,4545,4662,4552,4634,4597,4310,4456,4678,4776,4968,5089,5149,5436,5605,6121,6283,6963,7920,9613,12672	376252075
16	2854,1266,876,712,494,522,387,334,352,295,235,246,277,244,182,197,190,192,184,128,141,122,136,95,128,151,102,121,86,103,96,123,92,112,78,113,81,81,77,103,91,110,92,113,87,79,82,89,93,100,92,99,80,122,109,107,131,138,144,188,232	6756647	162882,67907,47498,35693,30032,25371,23067,19632,17387,15529,14496,13153,12093,11421,10813,10209,9742,8964,8608,8516,7971,7732,7472,6964,6534,6401,6349,6017,5964,5625,5746,5392,5639,5403,5090,5162,4939,5007,4938,5071,4811,4788,4910,4786,4664,4776,4487,4603,4790,4640,5131,5156,4974,5333,5314,6074,6469,7132,7889,9938,13124	384169598
17	2912,1239,885,693,498,508,420,333,326,323,256,256,254,231,193,180,182,182,176,160,139,142,134,102,116,163,98,116,88,112,128,123,89,96,85,119,89,92,100,100,89,130,91,109,87,105,101,101,92,112,94,107,112,118,131,101,120,152,146,156,220	6781856	163911,67321,47785,36356,30171,25023,23407,19576,17165,15606,14556,13385,12178,11385,10886,10255,9590,8945,8755,8254,7956,7661,7356,6908,6582,6369,6155,6019,5899,5503,5769,5414,5450,5268,5049,4975,4867,4858,5020,4992,4829,4845,4958,4588,4674,4903,4742,4835,4921,4862,5034,5022,5177,5643,5658,6163,6685,7264,8142,9565,13469	382482631
18	2952,1250,911,699,526,539,406,341,341,319,263,263,222,233,184,194,162,192,171,142,124,133,126,112,135,166,115,118,102,114,109,125,98,129,80,118,98,89,99,92,88,93,91,85,92,82,79,101,92,99,75,90,95,109,103,99,114,176,156,201,254	6798225	163523,67947,47553,36089,29560,25393,22877,19450,17377,15855,14927,13230,12306,11455,10776,10501,9768,9229,8649,8429,7790,7324,7246,6935,6380,6365,6282,6052,5817,5735,5738,5499,5476,5352,5028,4854,4905,4793,4861,5015,4847,4770,4859,4783,4718,4820,4747,4725,4825,4695,5110,5011,5064,5456,5604,6117,6463,7215,8429,10094,13366	381956138
19	2996,1238,894,704,511,552,426,322,352,351,263,240,256,219,184,226,190,173,183,144,160,139,138,93,129,144,106,94,99,99,92,111,105,105,74,106,95,80,104,83,96,120,83,110,99,75,81,93,75,98,97,95,91,110,144,121,124,158,147,181,255	6772147	160585,66592,47200,36513,30276,25242,22885,19653,17696,15671,14392,12918,12292,11413,10729,10336,9583,9021,8635,8221,7853,7698,7471,6979,6505,6553,6389,6043,5964,5730,5682,5582,5583,5315,5134,4789,4907,4767,4971,4994,4818,4768,4937,4577,4687,4649,4553,4735,4870,4851,5113,5170,5323,5343,5463,6142,6438,7178,8305,9715,12876	378225087
20	2929,1236,820,720,559,510,426,341,375,288,280,222,224,228,180,200,158,195,210,162,162,136,148,95,156,183,108,92,96,106,126,124,72,98,75,126,92,83,97,90,98,109,107,102,90,84,67,96,103,111,87,110,77,86,114,99,129,174,146,180,240	6778679	163298,67830,47712,35778,29827,25449,23541,19892,17451,15823,14450,13237,12427,11273,10563,10367,9555,8938,8567,8385,7954,7740,7284,6961,6533,6395,6296,6095,5924,5525,5667,5436,5494,5386,5322,4941,4933,5068,4974,5033,4888,4818,4821,4596,4705,4782,4660,4640,4789,4855,5087,5416,5286,5628,5716,6139,6407,7154,8247,10169,13153	383283445
21	2894,1256,842,723,478,502,425,368,352,303,243,232,248,236,181,169,167,178,192,118,144,129,160,116,134,140,113,108,108,107,93,126,101,105,53,110,97,91,82,86,96,127,101,98,98,102,92,83,87,100,94,94,94,90,118,99,108,177,127,180,210	6697664	162617,69552,48521,36534,30103,25342,23361,19590,17135,15923,14409,13329,12318,11304,10988,10171,9682,8829,8606,8335,8084,7658,7361,7030,6497,6587,6341,6036,5915,5597,5721,5295,5373,5286,4977,4953,5073,4938,4891,5140,4910,4711,4830,4718,4746,4813,4835,4720,4803,4942,5100,5265,5340,5530,5743,6132,6462,7325,8336,10132,13183	382750616
22	2912,1278,881,717,520,544,391,358,342,311,261,239,270,271,180,191,168,165,204,126,121,161,141,110,134,147,94,127,99,111,122,102,92,111,85,120,93,97,82,91,113,104,81,103,99,87,71,91,74,114,87,97,100,102,122,133,115,156,130,163,241	6845552	163505,68781,48028,36059,29970,25612,23282,19969,17898,16284,14739,13369,12413,11347,10711,10483,9764,9388,8671,8557,8153,7778,7531,7142,6516,6530,6198,6054,6085,5749,5704,5533,5423,5364,5133,4917,5034,4904,5077,5181,5050,4871,4891,4614,4861,4713,4745,4792,4882,4956,5116,5120,5271,5537,5650,6216,6556,7212,8245,10137,13088	386080357
23	2906,1261,874,728,540,520,391,321,360,293,265,241,238,216,209,177,177,166,171,141,156,120,142,84,115,161,114,124,102,115,98,131,91,101,91,124,90,99,102,87,90,119,87,113,80,84,85,92,89,119,96,102,93,119,133,98,112,157,149,166,236	6782913	163152,67536,47992,36078,29644,25453,22877,19661,17418,15669,14542,13223,12422,11603,10822,10413,9519,9040,8727,8527,8299,7879,7624,7108,6562,6408,6277,6085,6241,5611,6070,5526,5537,5346,4934,5053,4912,5016,5017,5189,4764,4829,4852,4689,4812,4852,4616,4680,4884,4989,5131,5192,5221,5612,5604,6114,6469,7366,8213,9591,13100	383966995
24	2938,1282,855,750,500,578,415,383,324,331,258,248,240,235,176,191,166,188,197,151,139,154,149,97,131,147,109,108,94,124,108,112,102,113,80,118,96,88,89,105,88,124,86,108,98,90,76,94,97,114,96,96,92,116,120,101,118,159,151,145,241	6772721	164859,68673,48018,35978,29903,25317,23309,19443,17507,15655,15042,13176,12339,11286,10628,10368,9641,9045,8461,8345,7870,7639,7546,6983,6514,6421,6237,6076,6047,5596,5705,5521,5395,5353,5096,4890,4981,4842,4883,5278,4789,4739,4861,4657,4713,4787,4522,4601,4978,4859,5003,5135,5240,5361,5608,6057,6363,7282,8297,10247,13417	387529155
25	2919,1303,873,712,489,530,424,355,380,345,242,264,228,225,183,178,185,187,180,163,137,153,134,113,140,170,123,104,104,100,105,140,79,101,64,106,86,87,85,105,108,116,68,92,64,82,95,102,99,107,79,105,89,109,101,103,118,159,154,175,245	6822297	163236,67927,48914,36216,30194,25609,23667,19884,17706,15865,14685,13585,12539,11544,10562,10385,9877,8760,8565,8523,8170,7916,7486,7055,6580,6193,6480,6268,6105,5766,5943,5702,5755,5432,5214,4917,4950,4828,5021,5166,4861,4851,4857,4614,4904,4791,4702,4895,4830,4818,5135,5142,5231,5463,5527,6256,6496,7501,8147,9683,13231	384373250
26	2953,1246,902,650,521,492,390,317,342,285,259,250,228,237,154,210,165,145,174,155,132,136,144,80,145,153,110,124,95,114,146,149,89,82,78,111,101,74,92,93,83,127,85,101,85,80,86,84,94,121,106,111,83,123,114,89,124,168,138,196,189	6693159	162674,66718,47083,35900,30090,24891,23119,19512,17055,15353,14513,13154,12462,11280,10876,10235,9423,8798,8467,8237,7808,7680,7275,6639,6461,6370,6095,6043,5997,5779,5844,5798,5519,5364,5168,4859,4888,4755,4754,5131,4725,4742,4705,4451,4641,4761,4665,4564,4828,4820,5009,4943,5099,5516,5641,6039,6793,7202,8000,9791,13137	379361923
27	3113,1260,814,725,506,525,391,339,341,296,260,239,206,222,189,184,167,183,210,166,137,142,135,93,152,147,114,107,96,96,117,123,108,102,79,108,80,91,95,94,84,116,82,117,85,82,79,89,85,90,104,95,96,106,120,104,99,178,152,172,245	6730092	164734,69001,48381,36255,30190,25574,23100,19779,17584,15782,14390,13355,12275,11538,10778,10472,9948,9169,8858,8502,8219,7985,7427,6992,6469,6393,6141,6021,5969,5588,5901,5560,5402,5341,5258,4976,5001,5078,4900,5146,4928,4861,4959,4722,4813,4847,4748,4869,4856,4837,5224,5062,5406,5495,5734,6284,6659,7342,8243,10010,13445	390368654
28	3023,1244,882,685,540,499,383,326,347,315,256,253,263,265,208,192,145,186,197,129,150,119,135,98,129,174,114,119,104,108,118,130,78,104,66,125,88,85,79,78,97,110,81,98,97,74,98,83,93,92,85,105,88,143,135,111,124,177,141,168,244	6823886	162955,68227,47230,36041,30044,25440,23049,19583,17510,16077,14768,13256,12223,11460,10539,10171,9402,8678,8447,8055,7902,7926,7494,6880,6396,6439,6433,6051,6085,5649,5690,5397,5436,5376,5054,4860,4998,5103,4941,5003,4728,4822,4736,4546,4623,4628,4591,4602,4863,4964,5145,5201,5303,5561,5700,6398,6584,7174,7948,10135,13562	382169948
29	3012,1257,840,705,498,517,386,313,334,315,254,209,255,186,177,169,173,174,172,141,133,135,152,108,142,180,82,105,82,125,115,110,86,106,71,110,86,99,97,84,100,115,96,120,94,82,75,94,80,92,90,98,82,103,98,104,126,166,148,166,235	6715504	160761,67691,47453,35724,29667,25397,22995,19235,17462,15469,14204,13086,12123,11360,10854,10382,9755,8886,8651,8339,8024,7786,7516,7192,6766,6501,6375,6049,5918,5521,5797,5301,5392,5430,5028,4971,4997,4940,4879,5086,4756,4917,4713,4688,4690,4827,4564,4831,4845,4729,4973,4944,5061,5530,5574,6053,6494,7360,8001,10107,12756	380540299
30	2871,1215,802,680,536,486,364,351,367,287,230,249,242,216,179,177,169,181,176,173,159,132,143,97,137,164,98,126,105,95,109,97,102,98,86,111,92,66,110,86,104,110,90,95,94,81,85,87,92,102,91,99,78,116,120,95,111,151,146,190,235	6702061	160983,67045,46881,35616,29506,25151,23345,19452,17271,15759,14473,13185,12096,11413,10767,10257,9431,8684,8440,8349,7794,7629,7323,6904,6473,6416,6280,6079,5733,5401,5535,5318,5198,5369,5136,4987,4884,4729,4826,5077,4714,4693,4732,4494,4724,4569,4486,4607,4752,4755,5002,5210,5338,5523,5658,6045,6408,7241,8020,9948,12951	378136655
31	2961,1258,849,650,562,496,431,372,354,317,247,234,275,229,183,193,180,189,196,156,151,151,148,92,125,167,96,132,79,101,111,127,95,100,71,101,87,91,93,94,98,106,84,122,102,98,86,80,66,109,90,96,82,133,114,104,131,170,165,169,211	6660762	165389,68643,49008,36809,30406,25444,23163,19475,17726,15982,14620,13327,12187,11460,10824,10487,9717,8814,8811,8401,8024,7807,7241,6983,6556,6409,6061,6002,6253,5854,5708,5533,5551,5426,4930,4970,4919,4809,4999,5074,4853,4801,5014,4742,4905,4750,4719,4790,4835,4969,5173,5152,5195,5505,5711,6136,6662,7303,8444,10114,13653	388587245
32	2938,1220,861,720,549,527,422,352,337,328,264,236,233,227,201,200,170,173,182,187,148,136,141,93,139,158,111,126,119,110,115,125,104,102,78,119,87,95,105,114,102,117,82,111,105,102,62,93,91,104,104,111,107,111,101,110,110,150,136,190,226	6792035	164044,67811,47292,36106,30185,25494,22770,19538,17418,16014,14708,13531,12483,11433,10746,10443,9966,9290,8848,8616,8039,7835,7451,7108,6674,6521,6283,5924,6006,5714,5723,5718,5428,5406,5320,5056,5001,4993,4979,5149,5013,4901,5116,4722,4833,4748,4615,4642,4778,4937,5111,5167,5289,5470,5512,6255,6489,7329,8163,10050,13337	385621624
33	2973,1221,873,657,496,533,404,322,345,287,302,240,271,220,193,212,171,181,160,139,144,153,124,90,136,163,99,100,96,117,96,112,95,110,95,118,91,93,101,91,87,117,91,85,117,87,73,85,91,98,95,114,76,107,101,93,85,156,163,194,196	6771108	162857,66963,47912,35895,29871,25752,23487,19540,17352,15497,14470,13351,12294,11210,10528,10318,9569,8960,8576,8371,7968,7629,7324,6849,6469,6297,6058,5938,5922,5382,5660,5431,5381,5469,5112,4922,4927,4733,5025,5082,4809,4853,4890,4718,4732,4740,4691,4677,4804,4896,5044,5201,5258,5633,5826,6331,6375,7022,7767,9633,13214	382089836
34	3027,1287,856,760,536,493,412,292,336,315,273,224,258,219,180,210,185,190,194,147,139,156,137,86,144,169,103,117,103,125,106,110,83,90,75,107,94,107,94,109,90,103,77,118,104,81,84,82,99,103,92,105,85,120,123,99,121,175,162,151,235	6809359	164428,68460,48788,36032,30351,25433,23212,19608,17451,15800,14394,13347,12406,11330,10869,10413,9430,8983,8617,8413,7834,7522,7561,7054,6488,6410,6357,6119,6077,5730,5738,5541,5622,5450,5089,4901,4825,4901,4998,5251,4917,4734,4819,4643,4760,4872,4780,4723,4722,4931,5059,5092,5269,5471,5601,6025,6565,6882,8246,9875,13098	386926845
35	2857,1231,861,741,541,488,400,354,321,317,253,248,258,243,197,208,165,159,176,151,132,119,149,104,132,150,91,106,102,102,111,117,106,77,87,84,88,85,91,86,99,127,91,101,85,79,85,93,100,95,88,102,83,120,138,105,118,157,160,183,235	6766566	165942,67908,47816,36424,30485,25758,23085,19610,17595,16109,14477,13569,12247,11454,10767,10270,9765,9000,8803,8336,7955,7983,7663,7189,6474,6389,6254,6113,6113,5833,5913,5552,5529,5259,5048,4867,4951,4901,5057,5257,4860,4787,4879,4836,4912,4853,4811,4833,5003,4983,5210,5331,5203,5518,5790,6223,6644,7338,8203,9905,13554	387836569
36	2936,1236,864,703,498,513,379,337,336,323,257,276,272,231,176,199,166,243,189,149,153,135,130,88,128,167,101,125,94,116,106,121,104,92,77,107,81,102,122,94,95,103,96,100,106,85,89,97,80,118,98,96,93,129,120,86,105,173,155,162,242	6757473	159625,66617,46723,35428,29412,24568,22521,18871,16931,15167,14584,13217,12190,11109,10542,10184,9606,8745,8344,8054,7699,7617,7168,6838,6286,6420,6203,5901,5920,5654,5664,5436,5343,5353,5085,4806,4937,4778,4979,5032,4748,4655,4878,4664,4649,4722,4502,4618,4789,4738,4936,5036,5337,5305,5516,5981,6332,7024,7863,9770,13224	374932530
37	2880,1272,849,739,535,493,442,346,361,336,233,285,250,210,172,207,182,180,173,154,153,123,139,94,133,152,115,112,102,109,104,130,86,109,71,121,98,89,106,93,96,130,102,104,78,75,89,115,91,88,113,106,99,100,135,108,104,124,167,193,259	6800486	164026,68434,47687,36141,29504,25420,23046,19611,17363,16233,14759,13707,12077,11512,10781,10294,9664,9109,8965,8514,8282,7676,7220,6805,6448,6372,6339,5973,5964,5843,5891,5397,5542,5302,5277,4899,4825,4960,4925,5139,4899,4871,4766,4786,4653,4813,4754,4592,4742,5021,5120,5207,5361,5486,5663,6169,6462,7145,7906,9585,12877	385750414
38	2919,1290,893,707,510,518,419,325,340,312,301,255,239,248,173,180,174,193,179,161,138,173,110,98,132,164,107,102,121,120,103,116,81,118,82,117,79,78,91,98,99,120,77,106,95,68,93,77,82,116,110,120,94,113,120,111,116,196,137,193,231	6822249	163357,67876,47682,35680,29899,25304,23166,19639,17628,15696,14589,13448,12084,11286,10766,10358,9883,9234,8617,8250,8005,7709,7584,7069,6663,6373,6361,6106,6335,5815,5875,5644,5546,5528,5243,5095,4999,4944,5051,5145,4800,4870,4864,4712,4900,4745,4636,4690,4805,4920,5143,5213,5075,5425,5726,6032,6466,7243,8242,9801,12941	385058678
39	2807,1285,882,682,552,484,419,365,324,274,285,269,257,268,185,197,169,195,201,131,128,157,142,102,104,162,111,112,90,124,139,141,75,95,65,104,72,81,106,95,102,123,91,123,99,92,99,71,91,114,102,109,90,102,126,102,116,146,137,201,211	6748973	163590,68280,47748,36960,30751,25612,23177,19688,17476,15919,14743,13543,12313,11263,10675,10420,9720,9054,8735,8310,7742,7750,7139,6689,6532,6357,6125,5937,5866,5547,5700,5482,5301,5317,5064,4902,4778,4868,4853,4833,4708,4744,4981,4857,4799,4824,4702,4767,4971,4897,5247,5076,5232,5559,5815,6172,6533,7618,8097,9907,12987	384525077
40	3141,1294,907,687,482,547,444,353,384,332,289,254,258,239,180,205,175,183,178,155,125,145,123,101,141,185,116,89,115,107,103,129,74,86,64,123,108,90,77,86,85,122,77,95,88,100,89,92,92,111,119,99,91,129,112,96,129,164,156,211,251	6934029	165231,69160,48353,36328,29939,24897,22843,19491,17535,15900,14724,13448,12349,11234,10864,10339,9690,8826,8779,8653,7789,7695,7434,6961,6476,6403,6470,6153,6118,5711,5789,5601,5372,5437,5208,5071,4828,4800,5006,5052,4711,4823,4983,4761,4817,4727,4747,4764,4880,4809,5100,4949,5234,5395,5676,6050,6609,7426,8269,9993,13172	385308338
41	2894,1202,862,642,550,517,416,301,337,269,259,243,260,224,174,190,145,186,192,135,155,135,128,102,160,179,116,119,100,103,106,142,77,94,99,105,76,106,104,80,112,116,87,96,97,102,69,97,89,100,101,108,93,130,131,100,117,168,145,169,232	6762876	163590,66963,48386,36630,30155,25656,23140,19795,17490,15611,14378,13418,12078,11155,10605,10342,9575,9241,8806,8608,8043,7683,7446,6919,6579,6567,6419,6171,6101,5607,5696,5527,5486,5414,5159,4933,5117,4942,5021,5138,4878,4725,4832,4857,4694,4536,4605,4633,4743,4811,4853,5126,5215,5444,5774,6174,6725,7355,8142,9713,13351	383573187
42	3009,1241,832,744,542,510,429,343,349,326,291,257,253,222,185,188,163,183,188,152,128,144,144,103,133,157,108,101,116,102,113,121,101,93,81,120,104,96,91,98,98,108,90,96,97,92,82,88,101,111,99,95,93,111,116,92,134,156,141,158,235	6784738	162774,68104,47424,36469,29799,24678,22618,19239,17620,15311,13987,13053,12185,11385,10516,10289,9616,8872,8534,8369,7800,7632,7430,6856,6364,6245,6330,6068,6023,5638,5824,5420,5514,5409,5109,4840,4788,4880,4868,5163,4755,4679,4869,4924,4630,4844,4693,4816,4698,4751,4895,5060,5284,5541,5538,6135,6570,7467,8175,10052,13421	382244553
43	2967,1203,881,714,550,555,420,346,320,278,291,252,229,233,191,197,154,194,176,141,159,160,154,110,126,155,115,122,99,106,102,110,93,89,83,102,86,85,87,89,76,117,84,114,103,89,82,95,90,110,93,105,104,134,117,107,120,156,161,169,226	6849986	165039,69133,49341,36489,30764,26122,23467,20363,17537,15808,14639,13223,12550,11583,10767,10539,9619,9164,8657,8194,7907,7568,7521,6974,6495,6532,6334,6286,6126,5691,5967,5523,5472,5528,5148,5008,4869,5153,4915,5038,4676,4789,4776,4575,4724,4901,4670,4778,4912,5101,5143,5188,5319,5731,5849,6482,6599,7295,8663,10138,13488	387202127
44	2850,1229,896,709,539,481,415,330,324,308,276,249,243,213,188,197,146,201,189,143,145,132,125,81,121,159,128,117,107,115,102,109,109,98,88,106,73,75,101,87,93,108,77,106,91,97,81,105,93,97,79,103,90,122,109,120,126,157,151,168,214	6775149	165850,67969,49009,36558,30492,25886,23482,20210,17690,15732,14558,13321,12207,11343,10757,10547,9718,9009,8631,8584,8073,7756,7369,6917,6554,6393,6027,6123,6040,5707,5673,5509,5441,5434,5239,4985,4791,4848,5041,5157,4886,4762,4827,4698,4840,4775,4773,4718,4828,4865,5165,5289,5421,5599,5750,6655,6672,7392,8246,10002,13352	391299513
45	2864,1261,900,718,517,462,400,326,349,323,249,263,243,241,189,206,191,186,198,156,143,124,153,110,122,169,103,121,91,103,112,114,90,90,74,89,95,79,106,97,85,112,86,105,92,104,89,101,82,128,93,111,81,124,123,103,111,171,147,181,232	6769550	163321,68478,47967,35791,29803,25511,23443,19643,17503,15927,14711,13303,12072,11245,10730,10137,9391,9005,8640,8257,7966,7700,7268,6860,6480,6564,6302,5968,5933,5559,5730,5302,5473,5212,5153,4816,4842,5097,4856,4979,4752,4872,4802,4870,4617,4720,4593,4724,4894,4857,5040,4999,5219,5296,5597,6193,6562,7219,8211,9867,13020	384312538
46	2944,1235,873,687,532,509,397,339,330,317,251,249,234,241,190,182,163,195,178,141,131,132,132,94,113,158,105,85,108,96,107,141,83,101,83,104,83,93,93,89,84,120,84,106,77,82,85,94,90,105,99,110,91,122,123,103,127,154,151,191,246	6762546	162870,68269,47895,36239,30230,25341,23349,19945,17780,16174,14715,13530,12459,11451,10760,10278,9478,8811,8607,8269,8047,7834,7423,7095,6539,6525,6394,6019,6015,5719,5931,5613,5602,5499,5243,5052,4948,4885,4998,5180,4838,4826,4847,4497,4585,4666,4582,4616,5061,4930,5247,5266,5273,5488,5718,6212,6348,7226,8016,9826,13458	384409148
47	2942,1276,880,659,544,515,445,364,312,313,271,255,241,237,169,197,185,197,190,159,126,129,163,79,134,165,111,103,119,114,107,114,98,104,65,129,85,101,90,103,100,105,86,116,117,113,88,102,89,96,81,90,94,105,144,120,115,171,166,209,243	6812386	164209,68998,48579,36347,30466,25557,23340,19899,17600,16047,15041,13539,12582,11557,11002,10569,9883,9042,8684,8649,8314,7869,7496,7031,6666,6558,6393,6175,6236,5633,5825,5698,5673,5415,5186,5041,5008,4959,4977,5249,4945,5024,4871,4862,4850,4664,4670,4762,4972,4910,5132,5299,5345,5670,5851,6245,6975,7417,8444,10252,13036	388641441
48	3022,1199,944,714,481,491,362,374,339,273,265,268,246,259,168,194,176,199,183,128,133,159,137,97,136,172,103,120,94,100,111,138,96,107,61,113,93,95,119,75,91,99,94,91,101,94,96,95,93,100,90,102,102,112,107,99,106,170,140,172,233	6829701	163007,66908,48063,36671,30318,25223,22784,19514,17555,15703,14342,13252,12223,11302,10745,10399,9755,9055,8675,8421,7960,7593,7625,7059,6586,6571,6348,6052,6044,5738,5879,5611,5380,5468,5156,4908,4946,4998,5030,4994,4746,4792,4943,4712,4827,4781,4735,4723,4849,4884,5023,5066,5190,5605,5508,6237,6345,7279,8090,9459,13392	383098515
49	3000,1239,869,713,518,488,415,343,327,280,259,234,226,258,220,195,166,188,190,135,145,154,126,105,134,172,114,105,119,126,125,104,88,111,73,126,89,88,84,90,107,121,82,119,96,84,73,88,78,109,89,99,96,115,133,110,124,152,127,189,208	6771311	162506,68059,48261,35729,30012,24648,23659,20250,17625,15920,14225,13127,12129,11099,10763,10302,9904,9222,8968,8662,8191,7805,7494,7086,6502,6442,6255,6091,6085,5688,5689,5497,5360,5279,5177,5006,4951,4855,4950,5062,4970,4845,5125,4650,4639,4711,4457,4646,4879,4874,4912,5135,5266,5375,5535,5779,6489,7242,8266,9980,12944	384039484
50	2948,1268,871,690,523,547,398,342,352,343,258,235,242,225,154,182,166,174,191,144,137,144,155,100,148,160,98,99,89,93,92,124,101,83,69,121,80,102,108,80,92,109,72,95,65,98,88,75,76,114,90,104,95,115,112,115,115,158,131,186,230	6749157	161399,66758,47917,35422,29847,25201,23146,19455,17487,15519,14540,13107,12090,10993,10452,10210,9673,8913,8449,8272,7743,7429,7216,6988,6527,6503,6198,5792,5854,5542,5540,5280,5545,5317,5160,5141,4921,4845,4908,4937,4725,4822,4870,4674,4721,4746,4529,4632,4747,4875,5126,5180,5215,5624,5561,6179,6434,7082,7997,9761,13316	377454519
51	2988,1285,866,710,528,526,404,346,331,317,263,244,248,247,193,192,179,207,181,131,155,141,143,117,133,171,102,97,100,115,99,136,90,103,73,112,90,91,95,93,83,121,85,115,100,81,90,75,82,114,116,111,86,112,108,104,114,155,145,165,220	6824241	163947,68300,48013,35226,29232,24886,22570,19474,17241,15777,14671,13436,12445,11312,10763,10448,9596,9074,8804,8528,8203,7879,7624,6974,6539,6498,6363,6063,5914,5701,5735,5384,5219,5454,5197,4892,4902,4969,5011,5009,5026,4746,4785,4758,4610,4688,4677,4661,4759,4845,5170,5182,5203,5481,5631,6040,6189,7180,8300,9648,13348	384919178
52	2987,1244,908,702,540,510,373,356,332,298,289,239,235,215,189,206,161,184,180,151,124,130,156,91,125,140,111,110,110,129,110,117,99,118,74,111,120,79,102,87,92,114,83,120,91,94,93,93,95,98,91,79,115,127,134,97,103,168,158,173,212	6820969	168684,69567,49258,36611,30302,25807,23649,20394,17979,16169,14960,13636,12498,11483,10984,10705,9785,9135,8782,8507,8128,7801,7598,7292,6701,6735,6139,6215,6073,5579,5782,5786,5450,5564,5244,5167,5185,5001,5108,5148,5029,4850,4893,4546,4843,4800,4755,4987,4895,5071,5359,5081,5269,5680,5925,6204,6511,7505,8340,10137,13978	395605337
53	2796,1269,905,664,548,486,426,348,337,342,262,255,239,241,203,206,197,187,169,183,169,146,146,87,142,172,110,106,98,102,100,130,80,102,74,99,103,113,101,90,108,106,86,83,69,72,90,99,81,112,97,92,102,128,99,113,105,145,130,162,234	6756226	164177,68518,49282,36713,30177,25752,23199,19972,17762,16084,14887,13396,12349,11340,10914,10147,9617,9185,8598,8704,8388,7690,7645,7093,6560,6569,6498,6255,6099,5780,5906,5627,5646,5472,5201,5013,4842,4794,5005,5104,4887,4896,4907,4587,4840,4814,4612,4850,4971,4944,5306,5222,5332,5510,5940,6137,6669,7580,8614,9714,13243	388808869
54	2826,1257,852,696,572,529,396,372,353,295,241,245,257,232,199,172,177,205,158,160,153,158,142,106,128,188,106,111,90,124,121,127,85,114,73,108,98,90,95,97,108,116,92,102,96,106,109,105,98,133,80,116,83,116,116,116,116,154,143,186,240	6799595	162867,67995,48406,35972,30002,24913,22808,19570,17384,15636,14734,13520,12536,11261,10724,10236,9785,9061,8756,8538,7985,7721,7530,6939,6484,6444,6368,6136,5897,5643,5824,5600,5472,5403,5076,5020,5016,4997,4980,5061,4752,4933,4921,4737,4535,4533,4568,4646,4830,4873,5141,5011,5234,5578,5558,6155,6532,7258,8512,9641,13264	384605416
55	3000,1208,874,730,542,462,377,360,324,330,249,264,234,229,179,194,193,201,173,151,137,140,146,82,111,169,100,109,82,116,118,125,109,111,80,136,103,94,97,106,108,132,81,87,91,102,86,84,94,107,88,113,88,113,126,106,109,155,142,177,235	6814685	164585,68815,48853,36342,30105,25915,23416,20050,17428,15870,14256,13150,12367,11280,10949,10435,9873,9083,8566,8463,8141,7868,7476,6938,6716,6480,6389,6205,6116,5611,5786,5439,5542,5448,5165,4993,4867,4914,4924,5065,5006,4961,4937,4821,4701,4792,4657,4615,4720,4948,4943,5243,5251,5400,5788,6376,6455,7371,8367,9953,13199	388257360
56	2817,1175,828,699,520,513,394,329,292,303,246,251,226,200,207,201,176,178,191,126,131,136,127,88,129,156,105,107,108,115,96,122,97,83,74,114,82,81,101,89,89,121,69,109,82,81,97,89,79,96,94,90,78,124,113,114,104,167,140,176,227	6689652	161645,67384,47697,35188,29919,25316,23315,19560,17372,15433,14280,13274,12282,11239,10551,10243,9389,8664,8419,8198,7913,7410,7270,6744,6396,6417,6188,6150,6045,5577,5667,5469,5397,5489,5128,4969,4982,4891,4807,5007,4704,4564,4878,4515,4672,4551,4640,4774,4840,4915,5041,5088,5252,5538,5699,6138,6543,7263,8120,9830,12723	380676911
57	3002,1203,875,693,484,519,413,318,341,332,286,224,247,224,199,172,168,194,194,152,169,147,133,96,122,163,93,99,97,96,104,132,113,107,91,122,90,87,82,93,90,125,74,78,90,89,83,84,101,102,102,107,82,123,121,113,119,171,161,183,238	6764641	163337,68592,47220,35456,29926,24895,23145,19334,17648,15529,14626,12888,11968,11247,10556,10207,9425,8775,8421,8429,8107,7915,7631,7015,6342,6399,6148,5757,5821,5485,5801,5514,5411,5313,5095,4851,4944,4953,4920,5159,4779,4689,4683,4572,4697,4674,4597,4601,4684,4682,4988,5084,5196,5425,5774,5966,6232,7117,8066,10328,13421	381242434
58	2949,1274,867,657,554,448,414,331,360,333,263,261,263,248,175,187,175,186,176,167,149,149,142,103,126,165,100,107,99,109,118,130,84,82,74,116,99,103,97,95,91,106,90,109,90,87,78,101,89,89,110,106,91,128,120,106,126,156,148,187,234	6796316	165097,68169,47903,36072,29889,25510,23241,19637,17696,15822,14490,13410,12411,11352,10999,10546,9631,9015,8595,8434,7968,7793,7487,7191,6679,6411,6472,6020,5972,5702,5715,5575,5387,5401,5198,5016,4944,5079,5082,5103,4832,4890,4824,4819,4713,4677,4776,4884,4873,4893,5014,5208,5455,5530,5661,6308,6459,7368,8102,9914,13682	386075631
59	3126,1247,862,677,538,502,376,317,346,295,236,244,235,236,207,192,162,192,210,137,124,151,137,122,142,164,100,126,101,115,102,143,103,101,95,119,95,95,96,82,103,112,88,100,78,94,75,97,81,100,107,91,101,124,113,100,125,177,140,184,227	6938911	167488,70784,49909,36863,30725,26201,23832,20355,18357,16197,14801,13645,12782,11550,11002,10646,9635,8961,8753,8572,8202,7824,7669,7171,6656,6728,6520,6266,6332,5829,6045,5643,5669,5547,5377,4963,4965,5100,5232,5213,4953,4841,4816,4676,4838,4972,4698,4847,4903,4986,5194,5243,5503,5816,5949,6510,6544,7418,8352,10413,13573	395364754
60	2953,1301,837,678,529,526,408,344,301,305,273,239,245,206,192,213,176,188,210,134,156,146,135,83,139,177,109,107,91,93,122,125,104,112,68,113,92,98,80,77,94,121,78,122,91,94,84,94,90,100,88,116,92,123,101,115,100,163,151,152,226	6752205	165138,68451,47777,36224,30193,25726,23601,19587,17351,15764,14476,13461,12510,11453,10737,10470,9823,8927,8944,8370,7932,7769,7390,6942,6429,6451,6249,6220,5938,5625,5660,5416,5462,5546,5169,4962,5003,4815,4886,5057,4862,4844,4875,4863,4756,4897,4661,4836,4989,5013,5264,5156,5156,5448,5852,6185,6469,7308,8094,10000,13430	387663554
61	3029,1257,883,645,532,544,384,332,371,283,227,255,243,221,170,209,163,205,188,135,144,141,147,101,121,173,122,123,90,117,108,139,97,85,81,100,80,82,88,73,80,104,104,102,81,83,88,90,88,110,82,107,90,102,125,95,105,164,149,176,256	6780689	163382,68924,47947,36301,30330,25427,23297,19713,17226,15847,14782,13368,12408,11511,10608,10162,9745,8865,8744,8607,7816,7632,7210,6928,6512,6443,6373,6213,6099,5582,5737,5520,5466,5384,5225,5070,4957,5166,5035,5140,4674,4866,5016,4763,4715,4824,4684,4728,5014,4989,5218,5288,5382,5618,5610,6315,6554,7351,8086,10079,13229	387687053
62	2995,1251,858,735,587,527,450,351,339,354,262,274,269,232,181,235,168,206,203,144,156,170,146,117,123,145,103,118,82,97,106,124,86,108,82,106,100,102,90,86,101,118,83,88,77,95,87,89,76,111,97,116,73,116,118,92,129,178,134,166,238	6879138	161110,67682,47386,36367,30608,25820,23017,19483,17433,15729,14488,13310,12267,11606,10864,10422,9740,8902,8607,8552,7942,7556,7496,6952,6461,6335,6349,6087,6056,5777,6035,5515,5443,5349,4974,5012,5003,4874,4998,5164,4741,4852,4896,4727,4863,4745,4659,4824,4943,4880,5032,5161,5214,5345,5624,6176,6549,7251,8238,9701,12960	382455118
63	3011,1286,856,768,501,550,407,358,319,316,251,257,244,222,179,184,163,204,169,169,122,128,147,113,130,165,111,118,91,127,95,118,98,118,94,123,85,87,84,88,107,115,98,79,93,94,114,87,94,99,92,113,106,130,118,87,105,145,131,196,219	6807860	165102,68307,47066,35802,30391,25840,23612,19895,17585,15954,14933,13379,12316,11538,10829,10682,9803,9212,8732,8556,8052,7680,7391,6932,6390,6403,6321,6250,5961,5620,5727,5479,5580,5430,5059,4989,4924,4924,4951,5070,4816,4910,5002,4940,4953,5069,4997,4880,4986,4875,5056,5192,5206,5581,5888,6265,6449,7128,7929,9878,13272	387529429
64	2943,1217,826,709,523,490,402,293,343,325,233,257,271,235,180,156,159,207,182,134,146,155,148,131,131,160,103,115,98,119,100,118,86,121,87,117,98,112,99,101,119,128,73,110,96,87,89,78,89,95,93,104,93,108,98,98,100,143,140,183,232	6816428	164491,69602,47782,36056,30288,25761,23606,20024,17730,16042,14709,13179,12280,11539,10805,10466,9640,8825,8674,8390,8131,7633,7420,7021,6631,6296,6364,6123,6256,5780,5959,5646,5655,5367,5258,4983,4899,5079,5010,5100,4811,4825,4841,4624,4707,4667,4598,4698,4870,4866,5101,5178,5252,5512,5696,6118,6647,7398,8083,10189,13254	387921943
65	2906,1314,837,755,491,532,376,314,338,323,245,263,251,247,176,182,171,199,170,153,167,133,138,95,127,175,117,116,97,103,112,134,95,90,72,105,71,90,78,83,104,111,87,93,97,85,85,91,105,102,98,98,89,123,106,101,128,172,160,192,241	6769931	168333,69436,49489,37534,31774,27022,23878,20186,17938,16585,15200,13743,12641,11572,10712,10783,9795,9095,8871,8739,8145,7931,7529,7022,6606,6558,6369,6104,6156,5856,6005,5620,5643,5465,5140,5123,4999,5035,5070,5420,5014,5002,4847,4947,4883,4841,4646,4620,4962,4906,5317,5337,5317,5599,5953,6461,6773,7634,8463,9989,13893	395285582
66	3023,1294,866,698,525,497,409,336,348,320,266,275,243,238,179,198,175,180,182,150,146,139,102,100,119,160,115,131,91,96,123,136,103,114,74,109,113,98,104,93,119,126,86,98,85,88,74,84,93,105,88,92,96,110,121,117,107,157,157,205,226	6795138	167187,68879,48880,36491,29883,25595,22847,19814,17549,16086,14648,13465,12387,11614,11011,10495,9805,8955,8712,8432,7904,7603,7392,7008,6666,6521,6274,5945,6098,5619,6038,5554,5655,5379,5169,5022,4964,4837,4901,5009,4697,4921,4915,4758,4951,4836,4590,4713,4932,4830,5116,5329,5155,5433,5662,6205,6350,7394,8060,9725,13912	390359997
67	2935,1293,877,717,552,527,400,329,353,301,272,251,267,247,176,190,169,195,189,167,132,155,129,97,115,147,121,108,100,104,122,145,92,101,66,98,99,86,99,82,82,130,96,94,108,91,94,79,93,101,116,87,94,124,130,102,127,192,170,169,233	6832613	169891,71391,50210,37768,30824,26532,24212,20321,18062,16415,15140,13514,12739,11738,11060,10783,10021,9397,8824,8721,8250,8044,7565,7392,6731,6656,6469,6294,6216,5765,5903,5659,5702,5626,5340,5256,5108,5188,5227,5367,5032,4984,5046,5032,5058,5070,4910,4893,5132,5179,5286,5236,5440,5768,5810,6410,6813,7756,8464,10405,13519	397479201
68	2933,1252,838,700,529,564,393,313,339,291,239,243,226,250,195,170,178,201,192,156,146,134,124,106,128,164,83,122,103,97,104,116,101,109,67,115,114,109,87,109,110,101,79,106,91,64,78,83,95,99,97,84,86,112,115,112,117,160,153,179,233	6703609	160684,66732,46622,35371,29482,24908,22740,18929,17185,15146,14129,12712,11889,11129,10350,10256,9619,8654,8585,8113,7866,7624,7374,6999,6518,6359,6154,5977,5890,5668,5479,5426,5287,5391,5006,4993,4938,4897,5016,5052,4708,4825,4871,4593,4534,4655,4504,4476,4668,4732,4870,4950,5024,5431,5890,6065,6302,7194,7945,9521,12873	376838885
69	2987,1205,904,662,556,489,402,337,334,308,265,229,232,229,164,211,171,194,193,148,161,147,146,93,150,161,112,113,99,92,106,163,94,117,71,113,79,82,112,81,89,133,85,110,85,75,84,84,71,100,93,111,92,97,116,99,127,178,131,153,254	6836606	162034,67167,47703,35823,30159,25583,23172,19685,17382,15994,14601,13525,12424,11293,10620,10377,9699,9010,8796,8368,8043,7638,7444,6921,6519,6327,6317,6213,6170,5808,5972,5434,5467,5257,5133,4989,4838,4957,4921,5069,4752,4762,4933,4651,4702,4721,4411,4541,4911,5010,5154,5120,5172,5313,5637,6114,6331,7251,8035,9771,13089	381082433
70	2984,1294,818,745,532,512,436,340,326,337,260,284,264,245,197,198,144,179,192,154,142,140,159,99,141,184,111,118,108,112,110,113,91,99,79,110,109,113,91,104,79,124,91,117,71,80,84,98,90,111,122,133,91,135,133,100,110,152,142,191,218	6864587	168603,70190,48842,36940,30896,26373,24093,20161,17761,16061,14792,13483,12506,11685,11050,10644,9922,9097,9010,8526,8138,7959,7566,7129,6415,6610,6514,6263,6077,5826,5897,5631,5729,5612,5273,5145,5124,5062,5166,5410,5004,4947,5062,4734,4849,4919,4743,5086,5050,5187,5125,5392,5384,5527,5850,6451,6541,7484,8312,10435,13444	394986926
71	2994,1289,896,710,475,530,410,346,364,307,281,279,252,250,195,195,190,190,184,147,144,161,136,92,123,169,106,117,123,119,127,122,93,97,91,119,92,96,112,88,92,115,90,104,92,99,96,80,87,104,93,93,101,126,118,110,122,164,130,170,252	6831672	162498,68621,48841,36013,30401,25801,23706,20104,17741,15645,14566,13089,12292,11474,10854,10533,9647,9162,8828,8456,8191,7812,7325,7146,6603,6551,6275,6150,6131,5822,5710,5563,5426,5346,5196,5008,4939,4900,4858,5128,4804,5025,5031,4803,4832,4842,4723,4625,4823,4834,5005,5142,5467,5713,5924,6381,6595,7413,8332,9952,12937	387692263
72	2891,1226,851,693,555,526,382,348,299,307,261,230,235,231,153,172,160,202,175,126,135,149,124,90,146,156,112,101,88,110,97,132,75,92,74,100,80,104,95,81,95,122,58,97,96,80,87,83,88,109,87,93,91,123,118,100,128,138,157,183,225	6689663	161926,67776,47851,35812,30027,25530,22850,19379,17130,15788,14540,13294,12190,11466,10924,10293,9627,8943,8582,8094,7831,7460,7266,6954,6455,6309,6305,6092,6036,5694,5715,5454,5478,5286,4985,4813,4868,4916,4909,5195,4763,4754,4707,4785,4760,4809,4699,4766,4787,4747,5039,5134,5167,5308,5650,6327,6637,7317,8156,9852,13024	381140933
73	2804,1239,888,711,531,506,410,297,303,321,265,264,222,226,197,184,166,186,190,143,160,124,146,84,143,170,103,138,118,101,133,116,93,90,72,117,82,113,98,77,77,103,93,106,77,95,83,78,80,101,101,109,103,110,112,103,119,175,137,162,238	6744740	163593,68257,48940,37104,30897,25707,23008,19800,17716,16041,14854,13603,12246,11183,10822,10354,9724,8931,8582,8369,7913,7763,7203,7027,6512,6276,6375,6105,6006,5735,5784,5476,5490,5446,5240,5147,4948,4961,5075,5198,4717,4871,4695,4544,4829,4781,4639,4613,4954,5073,5314,5316,5310,5701,5681,6355,6841,7439,8472,9897,13177	386177218
74	2939,1250,824,746,494,505,390,313,338,334,253,240,232,216,168,201,148,187,162,133,144,135,151,104,125,167,119,126,99,124,113,142,84,94,80,104,94,96,71,114,112,113,96,94,95,102,84,97,74,85,96,100,94,100,94,87,110,165,139,195,228	6709853	165430,67772,48323,36334,30516,25803,23156,19418,17398,15708,14335,13266,12225,11284,10756,10372,9759,9035,8671,8209,8187,7784,7569,7075,6620,6651,6456,6203,6006,5674,5824,5460,5473,5418,5256,5021,4919,5178,4983,5204,4890,4989,4977,4594,4724,4849,4823,4602,4715,4775,4991,5037,5101,5212,5468,6292,6693,7318,8140,9932,13749	387844618
75	2973,1238,877,775,533,552,428,360,329,344,269,232,222,246,177,166,189,200,204,138,153,160,135,99,145,135,111,120,130,129,133,152,110,127,95,124,72,96,104,85,99,120,97,99,93,118,91,95,96,98,95,105,97,122,107,107,109,169,143,168,230	6853810	163737,68061,47041,35313,29838,25173,22988,19392,17421,15635,14592,13071,12029,11214,10675,10446,9618,9031,8538,8379,8231,7669,7241,6997,6476,6345,6402,6037,6052,5439,5546,5445,5572,5280,5192,4811,4979,4812,4914,4966,4632,4755,5003,4762,4602,4714,4605,4704,4884,4799,5151,5198,5332,5509,5843,6167,6647,7245,8069,10052,13410	380760674
76	2906,1265,898,745,499,496,398,358,369,301,265,220,211,219,172,208,172,185,202,159,134,157,148,91,122,150,108,129,99,105,104,109,89,94,55,114,102,98,97,94,87,130,97,96,97,90,83,91,94,103,94,80,100,95,140,120,141,176,123,196,255	6850637	165314,68116,48337,36644,29919,25753,22969,19348,17469,15560,14552,13275,12361,11241,10836,10339,9757,9228,8737,8505,8126,7784,7382,7046,6626,6470,6300,6068,6157,5578,5782,5560,5460,5436,5243,5025,4966,4898,4869,5005,4876,4954,4891,4784,4727,4702,4483,4570,4862,5029,5188,5151,5291,5550,5640,6068,6590,7275,8197,9813,13491	387957730
77	2957,1260,893,680,466,504,424,307,314,329,249,270,222,221,199,198,178,173,177,146,153,153,141,106,129,166,100,114,88,105,118,118,71,110,58,107,88,104,97,109,103,121,98,103,81,77,76,96,91,113,86,105,102,109,120,97,115,168,140,185,239	6744977	165122,68701,48199,36400,30299,25584,23322,19659,17606,15767,14753,13377,12183,11569,10557,10328,9790,9148,8647,8359,8117,7628,7429,7050,6499,6584,6387,6070,5967,5583,5648,5397,5448,5417,5141,4936,4853,4957,5065,5224,4913,4609,4961,4681,4835,4817,4673,4677,4716,4853,5071,5197,5326,5598,5804,6266,6376,7333,8350,9918,13208	387412004
78	2938,1287,851,680,564,500,408,335,319,326,261,245,254,211,170,205,175,187,178,123,142,146,127,108,129,167,110,118,90,108,121,120,79,113,80,102,89,106,103,102,105,125,96,119,110,69,76,89,84,96,101,99,91,141,117,101,108,119,148,179,225	6756055	162274,68056,47679,36191,30194,25891,23820,19802,17750,15758,14696,13406,12163,11525,10662,10279,9452,8930,8707,8415,8191,7852,7647,7039,6691,6292,6386,6108,6225,5653,5653,5533,5536,5456,5116,4989,4989,4929,5015,5076,4759,4904,4984,4726,4694,4771,4577,4795,4835,4909,5073,5144,5219,5677,5810,6442,6599,7143,8067,9496,13107	384544815
79	2935,1223,854,662,510,524,416,335,340,320,265,251,229,242,196,183,160,201,206,161,130,155,132,108,132,171,122,119,100,92,129,130,99,107,81,119,100,84,94,88,107,134,94,123,83,85,93,87,90,101,87,96,90,109,108,104,118,188,144,197,230	6852676	166148,70480,48918,36670,30312,25912,23347,19974,18017,16228,14786,13319,12432,11321,10770,10446,9815,8860,8582,8534,8140,8086,7611,7112,6576,6395,6365,6061,6105,5695,5824,5609,5476,5353,5112,4993,4938,5055,5135,5248,4856,4842,4783,4893,4713,4854,4733,4737,4865,4967,5353,5479,5417,5711,5779,6408,6527,7665,8279,10177,13327	392194508
80	2951,1296,899,674,542,509,439,343,336,337,251,232,257,228,185,187,135,189,200,140,150,144,137,108,144,163,117,107,99,106,147,138,94,99,76,109,104,101,105,90,92,116,79,101,91,82,86,98,108,108,100,83,105,122,115,83,123,161,160,164,222	6764804	165931,68879,48828,36942,30530,25522,23453,19599,17301,15818,14387,13280,12321,11211,10919,10483,9980,9063,8701,8476,8072,7835,7520,7041,6541,6513,6399,6302,6078,5800,5957,5651,5662,5452,5318,4984,5078,4978,5133,5042,4798,4674,5028,4647,4764,4764,4657,4678,4832,4876,5026,5274,5262,5267,5784,6275,6832,7332,8359,10032,13454	384690816
81	2861,1303,944,691,528,508,377,306,349,304,267,249,244,239,173,182,178,196,184,160,148,130,132,110,135,166,79,118,96,108,122,138,72,98,70,104,99,100,85,80,99,139,88,96,78,89,102,101,95,97,89,104,96,105,111,117,121,167,163,194,249	6776078	166053,68147,48364,36807,30837,26116,23278,19999,17676,16063,14959,13639,12346,11353,10932,10288,9785,8968,8601,8643,8220,7753,7579,6964,6729,6563,6354,6072,5999,5851,5925,5621,5551,5399,5053,5086,4996,4997,5152,5138,4834,4875,4928,4713,4849,4772,4678,4735,4838,5034,5353,5243,5463,5490,5670,6415,6446,7492,8152,10009,13733	387893524
82	2917,1252,890,671,513,516,396,340,328,329,260,283,273,250,190,189,178,200,196,140,141,147,134,102,109,176,119,119,94,111,103,133,101,105,82,117,77,87,95,96,79,108,85,107,102,103,93,90,84,118,106,80,87,136,135,104,124,176,160,183,238	6829719	164215,68324,48350,37085,30379,25520,23464,19577,17314,16036,14635,13146,12082,11358,10812,10398,9879,9342,8712,8740,8237,7760,7426,6741,6360,6387,6659,6211,6136,5746,5861,5566,5467,5416,5137,4786,4809,4839,5027,5215,4862,5007,4852,4795,4862,4769,4704,4718,4743,4708,4943,5014,5285,5670,5870,6558,6759,7663,8342,9994,13099	386174377
83	2818,1266,888,715,547,492,420,344,319,311,234,244,255,223,157,200,169,211,173,150,138,161,131,96,121,158,119,104,111,101,120,144,91,110,76,118,81,97,108,83,91,124,94,119,108,81,87,96,73,86,96,96,103,120,118,107,96,167,135,193,215	6751718	161272,66981,48283,35648,29936,25120,22730,19187,17349,15670,14420,12949,11991,11112,10555,9975,9449,8560,8529,8209,7757,7571,7494,6768,6415,6314,6211,5798,5887,5412,5671,5480,5544,5377,5193,4849,4847,4983,4946,5066,4828,4784,4736,4698,4655,4597,4548,4545,4788,4886,5045,5124,5388,5392,5673,6310,6256,7299,8448,9657,12788	376703946
84	3008,1237,889,719,533,533,415,349,336,329,255,230,284,215,199,208,167,207,178,147,153,128,133,95,118,166,116,109,113,104,109,119,99,102,69,114,107,102,92,106,103,118,98,99,101,100,75,98,77,99,103,103,92,126,136,100,115,200,160,211,239	6807001	161821,67809,47190,36482,30410,25162,23280,19540,17111,15738,14518,13207,12202,11347,10792,10559,9805,8981,8712,8411,8007,7757,7381,6944,6568,6367,6312,6106,5964,5876,5915,5558,5546,5371,5093,5034,5061,4949,5042,5046,4670,4670,4892,4711,4775,4636,4575,4649,4897,4851,5112,5217,5195,5347,5605,6258,6852,7241,7923,9845,13084	380128755
85	2906,1264,934,719,551,563,408,304,327,295,266,243,237,239,176,191,160,168,209,149,152,121,133,114,141,159,119,103,103,113,111,126,94,116,77,92,67,79,91,87,95,101,90,85,96,79,73,90,85,113,88,95,83,120,120,112,121,182,141,160,245	6722211	161960,67496,47969,36710,30302,25769,22827,19255,16919,15730,14528,13202,12428,11453,10778,10370,9789,9076,8594,8465,8097,7626,7234,7030,6696,6300,6177,5908,6037,5507,5756,5442,5430,5256,5097,4853,5014,4906,5034,5066,4809,4899,4874,4609,4702,4789,4702,4702,4850,4964,4942,5039,5156,5349,5736,6425,6591,7360,7872,9879,12605	383423826
86	3076,1255,840,723,518,522,404,341,330,322,275,256,263,235,161,196,180,177,167,137,125,129,136,94,130,170,85,117,116,112,123,125,107,103,79,132,69,95,101,88,87,117,82,87,87,94,77,92,93,78,109,83,111,118,117,110,113,174,123,193,254	6810404	166582,68617,48104,36555,30407,25684,23273,19887,17719,15978,14753,13391,12399,11434,11035,10638,9834,8857,8676,8357,8108,7897,7703,7197,6632,6405,6278,6192,6194,5913,5917,5493,5465,5545,5272,4951,4979,5128,4938,5195,4875,4867,4818,4773,4848,4860,4911,4742,4925,4963,5156,5239,5456,5514,5721,6153,6600,7539,8050,9693,13664	391316964
87	3060,1263,878,684,551,505,394,296,371,327,261,282,263,217,187,200,169,190,195,188,150,152,161,95,127,179,115,119,100,107,110,130,96,110,82,110,98,107,101,88,95,112,88,110,110,90,89,84,95,112,108,110,85,124,100,107,136,181,150,187,238	6874613	166849,69196,49656,37131,30734,26407,23729,20254,17862,16312,14572,13266,12233,11388,10920,10652,9808,9086,8628,8731,8198,7676,7515,7110,6566,6520,6501,6277,6052,5817,5732,5737,5592,5640,5229,5037,4778,4959,4930,5378,4914,4908,4852,4597,4583,4896,4784,4897,4834,4955,5103,5199,5304,5648,5796,6535,6775,7738,8391,10251,13522	391337126
88	2983,1224,848,716,506,520,384,323,342,327,242,236,239,224,185,174,165,166,188,145,139,133,140,121,138,172,99,95,86,106,121,122,109,98,68,110,93,105,102,77,97,106,84,116,79,82,90,78,100,91,105,98,92,109,127,107,113,163,159,182,214	6798227	162158,67346,48009,36072,29841,24973,23013,19510,17179,15559,14301,13135,12387,11317,10613,10367,9686,8923,8748,8422,7970,7776,7283,6702,6405,6205,6267,6035,5906,5720,5835,5544,5497,5347,5383,5000,4952,4870,4863,5209,4660,4766,4884,4736,4809,4758,4742,4632,4863,4812,5167,5030,5147,5417,5582,6167,6499,7302,8083,9768,13255	381104368
89	2919,1264,874,745,537,534,400,349,380,317,249,246,253,215,204,200,184,206,199,142,175,147,156,100,113,195,100,125,94,130,104,142,82,102,74,100,106,104,99,98,98,131,92,99,93,110,81,90,75,104,93,94,119,126,119,100,111,168,168,183,230	6869021	166234,69879,49254,36820,30459,25572,23489,19983,17708,16021,14925,13623,12589,11566,10809,10217,9785,9063,8618,8515,7950,7640,7573,7258,6877,6564,6447,6147,6043,5634,5868,5482,5503,5413,5264,5079,5105,5095,5178,5252,4921,4986,5000,4827,4764,4870,4717,4747,5053,4948,5241,5287,5308,5520,5845,6308,6770,7281,8496,10034,13343	390964069
90	2949,1267,895,730,506,482,433,348,338,293,234,252,261,250,182,211,167,182,190,169,127,149,136,116,143,165,122,117,98,105,132,131,84,100,86,134,89,89,96,101,101,112,82,103,76,89,90,97,100,97,94,111,88,110,124,100,136,160,145,179,244	6812157	165403,68928,49304,36668,30946,26094,23609,20019,17873,16103,14411,13682,12494,11188,10843,10433,9594,9069,8766,8567,8120,7805,7489,7016,6606,6448,6445,6300,6243,5742,5963,5634,5614,5454,5388,4967,5011,4948,4891,5124,4902,4893,4839,4661,4726,4764,4623,4826,4955,4793,5138,5219,5288,5723,5877,6378,6810,7441,8226,9990,13369	388601793
91	2928,1254,824,704,543,509,399,325,339,308,233,243,265,240,186,193,147,177,188,138,154,155,143,74,146,196,105,116,126,127,127,119,69,108,68,108,86,96,125,110,76,102,81,92,71,96,73,74,71,105,90,95,93,97,97,101,106,155,145,196,228	6741557	161353,67359,47150,35737,30239,25318,23290,19290,17114,15912,14635,13341,12338,11393,10920,10441,9806,8964,8634,8394,8047,7720,7284,7013,6577,6530,6374,6098,6207,5856,5976,5723,5482,5348,5163,4973,4999,4885,5018,5153,4845,4797,4867,4590,4751,4635,4579,4552,4881,4831,5196,5138,5240,5517,5896,6244,6675,6887,7663,9614,12917	381432164
92	2937,1246,805,660,593,459,413,326,354,319,259,230,261,245,158,193,156,194,203,156,147,142,140,74,143,157,112,115,99,127,113,133,95,107,70,130,90,102,92,75,87,113,98,86,91,84,67,74,102,112,73,103,105,130,117,93,107,146,140,188,202	6737523	162225,68452,47487,35764,29703,25082,23907,19851,17158,15789,14848,13347,12327,11336,10714,10337,9896,9078,8773,8304,8090,7695,7135,6924,6583,6416,6521,6077,5956,5559,5757,5454,5475,5499,5128,4879,4884,4841,4722,4897,4771,4856,5010,4665,4847,4752,4651,4648,4859,4978,5108,5254,5214,5428,5847,6006,6243,7041,8108,10080,13223	382279735
93	2945,1318,934,757,522,496,421,335,344,331,273,256,235,238,202,207,174,193,197,164,144,126,140,68,126,180,119,116,99,111,109,122,83,103,85,103,97,85,99,94,85,111,98,104,77,106,65,91,93,92,106,107,92,115,115,96,124,155,145,206,251	6831972	165551,69073,48501,37008,30106,26021,23180,19854,17579,16215,14687,13384,12610,11246,10613,10242,9721,9259,8795,8453,8267,7823,7792,7104,6683,6500,6313,6220,6082,5793,5941,5592,5680,5519,5266,5104,5030,5163,5043,5266,4748,4862,4901,4638,4690,4759,4644,4670,4938,5090,5198,5204,5182,5443,5722,6373,6590,7534,8195,10044,13310	389008499
94	2894,1278,841,760,550,510,386,331,351,347,284,241,244,195,178,203,178,182,158,162,149,145,138,88,134,168,104,106,104,103,96,113,96,103,74,120,88,116,87,89,84,107,89,96,110,110,87,89,86,104,115,98,88,122,105,109,114,157,161,172,220	6767006	164827,69786,48666,36693,30376,25755,23474,20210,17774,16049,14506,13435,12400,11532,10748,10566,9825,9091,8824,8599,7950,7980,7526,7205,6688,6624,6316,6016,6008,5622,5726,5443,5453,5401,5243,5056,5184,5081,5077,5202,4804,4767,4911,4711,4723,4805,4731,4730,5088,4938,5143,5260,5304,5550,5708,6219,6486,7308,8187,10271,13104	386651239
95	2857,1246,837,738,506,557,407,347,350,334,246,231,259,248,198,175,163,196,175,140,156,151,155,96,133,169,111,110,114,115,124,118,101,105,84,106,100,108,96,96,100,110,67,89,90,100,91,72,93,105,105,95,100,127,121,107,123,161,151,185,230	6785274	160830,66790,47389,36517,30150,25403,23186,19523,17131,15570,14464,13137,12374,11309,10689,10422,9738,9010,8714,8218,7945,7769,7328,7042,6512,6262,6312,6001,5911,5705,5787,5495,5492,5352,5124,4961,4959,4816,4792,5159,4853,4869,4918,4586,4578,4598,4555,4674,4780,4849,5112,5063,5288,5476,5616,6342,6554,7245,8072,9663,12635	380736353
96	3016,1268,855,746,525,518,401,348,330,306,286,267,259,212,160,188,177,178,208,163,147,161,138,90,142,169,105,121,109,116,142,133,79,118,69,104,107,103,95,77,99,125,84,99,89,113,78,79,97,114,106,88,89,106,130,98,124,169,137,170,228	6828960	164803,68009,48033,36615,30577,25237,23586,19998,17650,15742,14404,13302,12362,11423,10620,10282,9635,8921,8674,8316,8103,7699,7553,7140,6747,6369,6345,6000,5976,5761,5748,5523,5518,5292,5106,4877,4893,4831,4865,5086,4809,4805,4845,4608,4772,4660,4519,4731,4895,5024,5159,5291,5426,5631,6004,6275,6625,7785,8157,9612,13272	386883782
97	3019,1298,862,685,537,526,404,350,328,311,258,250,205,238,171,176,171,190,191,158,152,154,135,107,118,170,108,111,107,110,93,130,101,103,98,98,104,88,101,111,83,106,99,105,93,83,88,86,86,130,90,75,96,114,120,104,116,154,167,182,194	6785046	167052,69862,50218,37523,30594,25758,23395,20183,17647,16389,15041,13635,12331,11445,10989,10604,10044,9183,8960,8666,8330,7841,7636,7099,6825,6608,6559,6304,6200,5751,5728,5670,5625,5452,5197,5051,5048,4928,5061,5197,4994,4958,4984,4857,4744,4868,4823,4707,4886,5023,5186,5361,5422,5672,5710,6247,6757,7733,8634,10222,13426	393400379
98	3047,1205,846,714,527,526,415,345,356,335,252,233,249,208,165,188,141,180,214,145,150,131,140,99,145,175,93,115,108,115,108,120,99,99,75,122,85,79,118,94,94,133,84,107,90,91,88,83,93,102,99,102,100,138,116,102,113,191,153,176,232	6875363	163849,68411,48413,36340,30373,25706,23714,20247,17645,16167,14648,13012,12021,11250,10889,10523,9947,9223,8487,8416,8204,7729,7435,7002,6659,6359,6289,6212,5884,5606,5716,5508,5542,5461,5156,4856,4944,5006,4938,5091,4766,4679,4965,4963,4941,4990,4720,4532,4695,4696,5108,5288,5395,5554,5836,6170,6610,7264,8130,9679,13112	388724702
99	2893,1236,958,724,536,492,400,341,324,311,253,245,257,234,204,203,199,183,180,151,136,132,140,92,106,154,113,128,87,105,122,105,106,93,65,113,82,92,85,98,81,124,72,108,94,96,89,83,105,93,87,84,90,107,122,87,123,164,156,176,229	6757976	165660,69638,48573,36288,30241,25570,23213,19505,17325,15741,14474,13164,12261,11584,10974,10439,9797,9256,8757,8609,8156,7791,7406,7014,6655,6633,6536,6211,6043,5852,5998,5696,5544,5688,5402,5092,5161,5027,5161,5246,4958,4975,4982,4652,4774,5031,4694,4756,4954,4681,4914,5028,5231,5449,5578,6298,6514,7309,8499,10149,13739	387247241
100	2982,1254,845,656,519,513,431,351,385,308,272,252,254,229,192,196,156,199,182,133,160,138,141,96,140,163,117,94,104,114,129,139,94,107,94,94,83,95,109,94,100,102,90,94,101,93,92,99,103,96,84,104,94,111,132,113,124,153,155,154,227	6809100	163460,68166,48528,36164,30319,25835,23584,19475,17487,15654,14256,13408,12475,11699,11080,10391,9817,9048,8768,8607,8074,7798,7500,7181,6538,6542,6360,5870,6006,5844,5891,5538,5414,5185,5100,4994,4961,4943,5026,5218,4843,4785,4892,4666,4767,4659,4555,4763,5090,4766,4947,4957,5303,5422,5843,6314,6486,7512,8201,9739,13144	385817546
