bs_rep	neu_sfs	neu_call	sel_sfs	sel_call
0	1360,584,396,301,221,241,199,152,156,143,121,100,110,116,97,86,78,86,94,68,66,51,63,39,57,71,47,44,40,45,49,51,36,47,32,50,34,40,45,44,44,64,39,43,46,38,34,42,41,52,45,49,40,42,56,48,44,76,69,85,91	3089380	2311,987,750,528,446,377,325,292,247,240,227,200,198,159,143,160,139,134,116,134,115,132,101,104,103,96,83,117,101,85,78,77,101,63,81,67,65,99,72,87,92,76,75,76,60,82,72,71,59,68,67,70,84,92,97,78,95,91,127,137,199	5122249
1	1334,655,418,319,233,252,188,160,149,119,131,122,98,115,112,90,80,78,114,78,66,55,68,45,68,63,46,49,46,31,41,49,34,45,28,50,42,31,44,39,41,66,47,41,52,47,43,36,44,52,44,43,39,46,48,40,45,79,59,105,87	3101412	2324,1074,721,536,455,383,322,272,223,256,257,180,223,142,149,149,162,141,120,137,132,135,94,97,92,104,82,120,108,72,74,75,114,73,79,66,51,119,73,87,109,80,67,83,64,108,63,71,57,79,66,56,88,97,90,77,95,86,113,160,217	5158612
2	1382,572,398,327,228,212,215,146,180,156,113,98,109,135,101,99,84,81,92,68,64,48,70,42,55,75,42,40,40,46,42,46,30,48,28,40,45,36,44,44,41,64,33,36,40,38,36,48,40,45,60,75,38,48,56,44,54,81,67,86,95	3097101	2328,1041,722,518,459,407,362,263,247,258,239,207,205,153,140,168,126,149,119,145,117,117,96,106,96,96,78,106,94,105,96,72,101,60,101,94,62,99,84,88,88,91,81,70,57,86,69,68,62,82,75,70,99,82,109,82,118,88,124,130,211	5121794
3	1375,614,432,309,234,235,204,156,173,152,117,98,127,125,85,77,72,77,90,65,70,46,62,41,61,94,38,28,44,43,58,53,31,39,36,50,36,38,48,50,31,54,44,39,52,31,31,33,38,53,50,51,51,43,55,51,48,68,68,90,86	3143253	2255,999,708,601,513,421,342,279,240,251,218,220,209,191,139,151,150,126,123,150,120,125,102,110,102,122,85,126,126,83,85,72,92,49,82,73,53,104,89,81,91,85,76,73,56,82,77,76,41,69,73,63,80,78,108,76,96,109,137,134,232	5252688
4	1446,574,424,315,206,263,222,139,174,147,112,96,114,98,82,103,71,84,104,68,55,73,72,42,53,82,53,43,52,50,57,60,38,50,37,56,36,48,50,45,46,75,40,51,50,38,46,37,39,51,38,39,41,41,43,40,48,78,75,99,98	3127632	2258,935,805,541,428,357,315,271,274,249,212,218,181,172,149,159,128,132,144,129,97,147,108,106,104,85,72,112,106,95,64,67,110,73,67,64,64,94,73,91,92,80,70,82,41,84,69,77,60,80,78,71,87,83,95,68,95,94,139,149,209	5044335
5	1311,618,412,312,250,252,244,154,159,111,115,84,113,113,107,95,78,94,104,67,66,37,62,48,52,75,49,47,47,53,59,49,31,37,26,54,35,39,56,50,49,64,37,38,52,36,41,35,29,58,40,54,36,34,68,58,39,63,68,82,88	3102650	2320,967,803,510,432,376,305,280,264,253,234,193,213,181,144,166,162,136,130,125,105,159,97,83,108,89,83,94,103,78,86,79,111,68,89,72,75,104,98,96,104,95,80,74,74,99,85,55,68,75,68,83,84,85,82,81,86,93,143,134,192	5156878
6	1371,605,399,310,217,221,187,164,137,147,122,86,91,98,90,77,82,88,98,72,71,50,58,45,62,73,42,44,42,47,50,63,30,59,22,51,33,38,40,37,44,62,28,51,51,40,35,44,47,49,49,48,36,60,49,55,46,94,58,103,109	3055387	2258,1060,812,536,433,361,347,318,248,241,233,192,203,158,136,146,163,135,126,134,127,135,95,118,111,101,89,116,81,110,83,98,88,61,97,62,68,94,64,92,91,71,75,77,42,80,79,59,62,75,71,59,87,110,130,82,103,96,129,136,221	5249081
7	1366,572,383,283,203,239,169,169,160,140,115,119,101,125,91,67,63,74,99,56,69,41,63,42,65,83,44,54,39,57,39,41,39,40,32,58,26,46,49,46,36,70,39,50,41,32,31,46,36,51,40,46,35,35,62,56,51,82,70,93,107	3115196	2355,933,805,571,470,370,357,292,248,231,236,187,184,166,162,156,157,142,127,132,119,162,117,83,108,108,85,108,104,88,76,88,88,46,77,56,60,87,62,88,92,64,76,93,39,94,85,83,34,69,64,84,84,97,89,76,100,95,137,125,242	5178889
8	1345,606,397,306,236,235,187,158,173,160,147,106,117,133,86,78,99,75,95,72,54,54,64,39,67,63,45,46,38,43,43,48,29,62,34,48,35,51,43,47,46,67,38,46,41,30,35,52,35,57,27,47,41,49,55,44,31,68,58,77,85	3078431	2293,960,761,546,435,382,315,294,247,232,225,208,209,140,159,163,152,110,141,141,113,110,120,95,104,102,88,131,97,93,105,60,119,67,87,72,66,88,71,91,93,75,80,70,62,66,48,91,61,63,72,61,78,96,79,77,92,89,129,137,182	5095959
9	1375,646,405,310,237,250,196,142,148,137,102,104,105,99,112,82,88,96,96,70,63,53,53,39,63,81,43,39,63,36,50,46,45,53,33,61,32,33,57,50,38,71,40,40,44,46,36,40,38,60,43,48,37,40,76,60,42,59,74,71,97	3141077	2299,885,695,524,433,370,303,290,230,243,245,186,195,129,148,164,121,150,101,134,126,124,89,124,102,89,77,134,114,86,77,67,108,46,85,67,59,95,70,86,106,65,72,69,57,67,86,69,54,58,79,76,84,90,87,67,87,85,141,147,210	5043310
10	1365,603,432,315,233,247,205,147,150,146,124,100,130,121,99,80,71,91,92,62,70,48,69,45,62,69,47,39,39,47,45,42,39,51,41,45,33,34,40,43,50,47,36,48,41,38,33,57,35,52,40,40,41,41,75,49,44,95,62,78,92	3101507	2199,967,788,493,467,381,340,272,276,246,255,239,220,180,138,139,146,132,129,133,124,133,108,112,99,108,90,129,109,82,69,84,92,67,75,61,69,105,78,94,95,82,61,68,54,74,85,58,51,61,70,89,78,84,102,85,86,105,136,154,202	5115362
11	1343,560,413,279,210,228,197,142,166,135,117,94,121,131,80,70,90,77,94,75,64,55,80,39,47,59,58,47,44,45,50,54,23,62,37,56,25,38,49,54,33,75,41,46,30,39,37,39,34,56,44,45,45,38,58,52,37,78,57,83,86	3066787	2232,965,799,517,451,395,337,297,290,228,188,195,195,151,130,159,124,115,98,136,104,133,112,126,96,113,90,110,93,84,79,88,83,78,69,71,75,87,72,76,84,94,88,65,59,79,72,73,59,78,60,74,88,112,95,82,96,97,128,131,192	5082309
12	1397,605,430,298,211,269,203,177,158,140,125,92,102,125,90,90,72,95,91,71,75,59,68,42,59,66,40,54,34,58,56,58,35,38,30,50,35,36,44,53,49,66,31,45,47,32,39,41,44,46,42,50,31,48,52,47,45,80,69,87,91	3149478	2344,1012,726,543,425,393,332,301,235,268,224,192,217,158,131,163,136,129,115,156,117,127,100,98,104,100,96,122,86,98,61,75,96,71,90,60,80,116,67,97,101,93,92,77,61,83,52,80,65,70,69,60,79,110,100,91,116,100,137,144,205	5168391
13	1383,590,413,285,214,233,193,150,172,155,127,104,119,132,89,94,90,92,100,54,54,41,71,51,65,73,52,37,65,58,42,43,40,42,33,51,36,43,46,42,51,73,34,39,47,31,45,49,34,46,52,55,48,51,51,42,54,90,88,89,97	3126489	2500,939,715,546,461,376,341,306,240,250,238,213,225,163,138,158,134,148,116,126,124,138,85,109,103,91,94,122,92,93,89,69,93,60,92,70,74,123,65,90,89,79,70,82,48,85,66,77,46,76,60,86,81,90,101,79,93,86,137,108,214	5114097
14	1400,566,421,297,211,245,187,155,167,135,107,97,106,117,110,94,89,92,103,66,59,52,72,35,63,65,55,55,40,48,41,50,35,45,34,53,39,41,40,32,45,69,43,43,58,35,32,37,40,64,37,57,45,37,52,44,45,67,71,81,101	3105700	2267,971,754,551,432,366,324,306,268,230,218,178,180,153,156,164,129,132,113,123,116,121,98,118,106,102,79,117,103,80,66,74,89,54,80,59,78,101,73,91,82,74,72,71,55,87,78,78,60,76,76,87,74,98,83,77,85,95,136,147,201	5111147
15	1366,601,405,282,237,218,210,150,143,168,139,95,108,123,95,83,59,83,83,66,79,49,51,39,70,55,52,48,40,45,43,54,24,46,39,55,29,34,39,42,61,58,38,44,41,31,39,43,31,49,42,52,36,50,55,40,45,73,68,83,84	3040322	2264,986,728,536,422,377,345,305,274,253,263,197,208,165,144,168,153,153,116,122,113,143,128,107,121,95,87,123,113,88,84,89,95,69,82,68,64,100,68,79,91,63,70,92,68,69,67,71,70,77,71,75,89,103,96,80,103,89,112,148,180	5189878
16	1368,583,407,295,222,249,181,154,167,134,98,110,117,134,74,70,82,94,111,78,67,56,66,29,48,73,54,41,49,42,69,58,33,56,22,41,35,46,34,54,59,70,49,37,42,33,35,44,49,51,39,47,44,46,56,41,39,91,65,82,96	3130814	2289,1013,777,529,445,407,345,297,238,230,184,183,233,165,153,164,119,116,126,135,114,125,102,92,109,72,94,116,99,89,82,65,98,70,96,67,74,98,71,78,85,52,77,66,53,78,94,61,45,59,53,61,79,83,91,98,93,102,136,141,213	5111185
17	1355,627,386,318,190,228,216,145,143,132,123,81,110,113,104,80,70,83,88,73,59,59,60,31,52,62,46,50,36,32,63,59,43,37,31,54,33,32,35,42,48,55,42,44,36,30,35,33,52,42,41,54,44,36,55,47,39,67,75,84,83	3065333	2265,999,740,545,460,368,316,278,240,216,225,212,188,168,128,140,132,120,104,149,108,126,89,102,113,96,65,107,103,83,89,69,85,65,71,74,64,111,71,94,80,84,65,66,60,61,78,83,64,71,76,78,95,92,63,78,85,102,129,136,202	5168772
18	1398,568,353,311,225,235,203,150,183,139,133,101,107,104,101,75,88,84,83,70,62,60,54,35,57,73,37,48,36,46,51,48,40,41,29,46,36,34,33,44,35,67,34,38,55,39,27,46,50,47,52,53,43,30,53,30,38,78,78,97,78	3101243	2254,977,715,480,408,363,277,305,247,267,228,209,215,167,128,147,127,130,109,144,103,120,100,113,109,102,86,117,112,89,82,66,113,57,88,57,67,118,64,78,90,97,80,64,58,74,80,68,56,68,70,68,81,80,86,68,79,78,118,133,195	5006208
19	1325,556,366,301,204,235,219,138,152,123,155,110,118,104,103,89,84,80,111,70,60,52,73,43,38,71,55,32,36,49,51,43,37,45,22,38,24,44,35,44,33,66,42,41,55,34,33,37,35,52,49,44,30,44,68,43,42,91,71,87,99	3076916	2211,1002,731,515,458,386,317,256,218,215,214,206,212,165,143,150,118,121,124,137,110,153,86,103,87,100,81,112,120,92,69,76,94,51,70,70,56,116,69,75,104,91,68,74,51,86,59,59,67,73,73,56,94,82,82,73,85,103,142,140,215	5148820
20	1355,635,387,305,215,238,192,158,146,156,110,92,118,122,82,99,62,72,81,60,66,56,57,35,65,60,52,33,48,44,56,53,42,49,36,61,44,40,38,35,49,67,53,40,37,45,39,36,34,48,38,42,38,44,54,54,48,70,79,88,102	3106135	2145,948,726,452,445,376,340,279,239,240,206,200,165,152,143,161,141,123,112,142,114,137,104,129,101,114,81,119,102,86,76,80,97,64,71,75,81,100,79,105,93,71,71,57,52,84,74,74,64,67,73,61,94,78,95,71,89,76,126,115,192	5036372
21	1328,595,395,316,210,237,200,155,174,143,144,95,120,123,94,99,73,88,92,63,62,54,65,44,68,63,47,36,34,45,50,51,57,43,35,57,41,35,41,37,41,70,36,44,40,34,41,48,44,59,41,42,39,31,57,43,42,92,60,77,100	3102294	2243,977,771,528,466,356,295,278,205,242,214,200,203,141,133,174,127,123,109,133,126,110,91,92,109,93,85,128,113,89,69,85,114,55,81,66,67,93,65,86,90,68,66,69,66,80,70,66,45,62,80,88,70,87,89,81,83,93,128,146,180	5059845
22	1363,579,372,295,217,273,209,150,157,141,129,99,113,109,90,88,96,95,84,70,59,39,62,32,44,62,47,34,44,57,49,58,35,42,36,48,41,44,37,42,42,72,31,30,35,49,32,50,46,48,48,51,43,43,54,45,45,88,55,99,78	3094911	2263,926,719,515,412,356,339,296,284,267,206,211,208,178,119,142,126,121,129,147,102,124,102,85,120,96,79,115,97,101,81,91,109,65,83,73,44,100,64,75,106,99,100,87,51,77,70,83,64,67,54,76,90,89,98,75,97,84,125,127,223	5096797
23	1419,610,390,305,246,245,205,151,151,150,128,110,97,124,89,77,83,87,105,66,80,47,66,36,56,68,44,42,37,56,58,47,32,39,24,40,31,47,45,35,53,65,41,45,48,37,35,50,32,47,39,52,40,36,56,46,56,82,68,87,93	3141295	2303,974,732,504,425,377,327,316,227,240,193,191,182,155,107,169,136,121,107,140,103,123,87,118,100,86,81,116,102,103,61,79,106,69,82,55,65,98,69,93,90,62,83,86,59,68,59,64,50,63,55,70,86,95,102,77,71,81,135,152,173	5045997
24	1409,601,400,319,199,256,192,135,168,133,106,93,90,109,77,82,74,85,102,60,71,55,51,36,66,64,59,50,42,43,43,51,31,50,32,48,47,38,64,42,49,66,33,54,39,31,54,35,42,68,39,55,36,44,52,43,35,76,75,94,106	3121914	2352,951,786,561,398,353,304,246,243,251,230,189,226,169,149,165,141,130,116,112,110,139,112,96,97,95,86,121,115,85,75,68,94,68,64,78,66,86,75,89,90,82,89,69,61,92,81,73,61,66,68,69,68,90,79,91,80,86,132,133,209	5066674
25	1425,584,377,322,231,235,203,155,189,162,122,87,114,130,110,82,84,84,92,67,71,65,57,34,71,67,49,46,48,47,40,55,35,60,29,44,39,29,35,44,38,62,28,42,56,37,27,42,35,43,44,60,28,43,56,53,36,77,71,67,105	3065151	2387,983,732,541,413,373,328,313,258,251,208,204,223,159,138,171,155,155,113,129,115,116,101,116,94,102,98,127,86,97,82,77,80,69,94,71,59,103,65,89,105,71,71,69,63,84,80,83,59,56,68,61,74,95,89,63,104,96,128,124,226	5193086
26	1395,554,439,319,219,248,215,146,152,147,108,99,127,114,102,80,90,95,98,85,61,57,54,42,62,67,53,46,31,51,54,41,42,43,38,61,36,46,53,40,52,57,52,46,46,39,33,44,44,53,41,62,41,41,77,52,45,86,59,87,96	3134716	2399,951,715,540,482,389,331,291,277,221,227,214,200,146,147,163,158,136,106,147,118,146,89,111,107,104,91,117,99,98,72,67,107,54,81,73,85,97,73,79,81,65,75,90,64,77,64,74,47,64,75,60,65,96,116,68,73,117,132,130,211	5116682
27	1368,580,391,301,214,242,181,138,143,161,130,87,102,116,104,83,73,79,103,71,73,69,55,45,70,68,49,43,47,44,43,59,33,45,42,61,43,42,52,39,52,53,52,43,47,28,29,45,53,63,43,51,35,33,61,44,34,66,73,77,86	3066988	2227,956,695,509,429,388,299,272,256,262,231,214,169,155,168,183,134,119,125,149,109,133,113,104,109,89,82,132,96,99,83,64,95,71,86,57,63,94,64,97,93,86,80,78,63,86,75,84,52,56,61,70,77,93,88,90,104,88,125,130,216	5062253
28	1292,522,392,278,211,246,186,140,168,143,122,91,100,115,102,78,59,88,76,62,85,51,51,43,59,57,60,38,43,48,53,47,39,50,41,48,38,48,57,35,35,68,40,48,59,46,38,49,46,47,46,44,37,45,46,55,51,75,62,99,88	3063519	2385,995,733,596,465,339,325,303,236,226,241,220,177,159,160,181,147,152,121,127,97,130,105,96,106,99,81,115,93,69,75,70,91,61,76,78,60,91,75,89,78,78,77,79,82,79,80,58,48,81,83,65,96,91,105,68,100,84,133,119,193	5092550
29	1383,585,406,301,212,244,173,131,145,161,112,99,127,138,93,81,76,87,114,67,74,56,71,50,65,63,43,45,46,33,50,57,37,32,27,58,40,40,28,45,46,64,40,49,43,40,29,35,59,56,36,56,33,47,54,41,57,72,88,97,84	3151367	2273,1031,704,549,442,367,323,285,249,240,217,183,189,167,153,155,127,117,110,124,125,122,90,126,109,109,87,89,98,84,86,86,137,51,64,76,73,110,82,94,99,75,81,74,67,73,83,64,71,60,54,74,88,95,98,77,78,94,120,127,202	5223459
30	1267,605,396,288,237,218,199,160,165,124,130,106,126,125,93,80,83,79,108,76,60,52,65,49,53,79,50,55,40,55,51,53,32,45,35,52,35,39,42,41,47,58,41,34,48,40,37,32,48,49,43,42,39,42,40,36,34,62,64,93,101	3031557	2296,991,791,563,441,380,341,284,239,273,234,200,184,203,145,158,162,137,100,134,116,114,87,104,112,79,70,120,107,89,71,70,100,57,106,64,61,112,65,95,73,63,71,70,68,87,82,96,48,61,60,64,70,87,81,75,81,87,128,131,183	5150600
31	1384,578,357,273,222,219,193,155,152,155,119,90,103,111,95,84,76,77,98,73,56,52,44,34,59,75,49,44,47,33,51,42,42,45,20,51,33,33,52,37,51,62,24,31,49,43,36,45,39,35,50,55,34,50,45,48,29,85,53,96,75	3102592	2281,997,743,543,427,358,327,293,250,255,240,212,178,160,127,151,133,149,111,149,113,130,105,114,97,106,83,114,104,101,86,76,120,52,83,77,61,95,65,73,98,62,84,68,47,74,66,77,62,62,83,78,82,107,123,72,82,94,126,134,206	5146777
32	1278,602,378,286,203,234,217,144,147,142,107,96,132,109,75,67,81,84,83,83,67,49,71,46,58,70,44,50,32,37,58,66,38,39,40,61,24,37,36,55,44,64,35,43,39,39,33,38,32,66,57,45,42,59,50,47,53,69,66,101,80	3045729	2200,985,702,539,424,371,318,327,231,215,212,188,230,139,150,148,132,123,116,118,100,127,100,112,95,90,88,128,101,81,90,84,95,72,93,58,65,87,73,96,99,85,79,92,65,76,41,69,42,65,64,66,74,82,98,77,99,82,125,141,192	4969106
33	1402,600,399,325,222,236,178,151,153,151,142,93,108,117,105,95,79,90,80,76,54,48,57,42,69,67,61,45,35,37,44,58,43,47,28,56,30,46,39,34,38,62,48,43,46,32,41,33,42,54,42,49,29,37,58,40,47,72,71,84,87	3054096	2369,952,740,548,451,447,268,306,235,233,232,195,196,159,124,154,161,128,110,124,130,123,104,96,120,103,90,117,114,88,89,72,107,66,91,71,79,118,61,79,94,80,72,87,65,85,75,57,59,64,55,77,79,93,94,83,78,97,142,142,222	5155516
34	1320,560,376,313,232,242,211,141,163,140,108,114,87,127,93,73,84,70,113,56,66,41,54,36,68,72,33,27,40,40,48,58,40,44,30,46,26,45,44,43,48,64,43,48,41,39,39,41,39,45,45,47,39,39,46,48,36,65,60,73,87	3025310	2363,943,716,516,466,369,346,298,265,264,245,214,189,170,152,188,139,118,114,147,118,116,97,112,98,91,89,117,105,89,77,96,99,55,97,71,53,107,65,86,102,62,71,74,69,77,88,64,53,60,76,78,90,88,106,77,104,64,126,118,197	5110204
35	1333,551,417,305,256,239,206,160,143,144,124,94,100,112,101,83,75,84,84,67,64,55,74,38,51,67,47,46,35,44,49,46,37,46,32,52,31,40,33,55,27,53,47,60,38,39,30,43,39,58,54,48,47,32,59,46,48,77,46,66,77	3072661	2262,972,789,533,443,367,360,296,253,250,223,169,188,160,157,154,128,151,139,135,118,139,115,108,97,92,101,118,97,89,61,91,111,59,62,65,76,103,80,89,91,81,71,89,44,84,57,65,67,79,63,76,84,97,103,77,81,88,96,141,208	5106809
36	1238,617,389,331,196,252,180,131,140,146,107,81,100,121,94,78,75,87,95,59,70,47,61,33,59,77,53,43,49,47,44,52,37,53,32,48,40,42,39,46,40,57,37,47,51,39,45,26,34,50,41,55,29,36,56,38,61,87,61,85,86	3080622	2329,1075,744,548,421,408,330,263,266,223,211,197,173,168,150,130,157,133,116,125,101,129,84,104,90,101,97,121,97,80,71,61,84,66,72,74,64,107,77,85,110,73,78,84,55,74,69,70,59,74,83,82,73,80,109,86,80,80,131,150,201	5089322
37	1388,556,414,284,248,220,174,143,180,157,116,102,99,129,106,88,84,83,116,64,76,53,58,42,52,60,56,53,49,53,48,64,46,55,30,48,30,37,35,40,47,57,46,48,40,34,36,49,38,51,32,50,31,35,53,54,45,67,63,77,91	3061892	2343,894,703,491,435,350,317,268,238,226,227,175,201,150,130,168,149,132,121,148,103,137,95,105,103,124,82,100,89,91,67,97,107,64,89,83,69,110,71,81,96,73,69,71,44,83,60,64,45,52,58,73,83,95,82,80,78,87,109,121,211	4995132
38	1400,574,384,304,224,227,210,153,133,129,135,97,116,119,81,91,79,98,82,75,71,55,65,40,59,66,37,40,45,45,47,41,43,52,29,47,32,40,38,46,38,56,39,41,60,38,40,45,46,54,43,45,42,61,58,47,43,75,78,99,112	3112223	2210,1042,703,541,484,351,287,284,259,211,250,199,164,166,157,170,145,132,139,117,118,128,96,121,98,90,98,117,108,96,71,81,86,57,77,70,66,97,69,76,87,80,68,70,48,68,75,71,57,76,70,76,102,90,104,73,104,96,116,148,196	5104913
39	1258,585,373,278,203,237,183,145,146,128,109,101,109,107,88,83,84,74,76,71,62,52,50,37,74,64,52,38,44,41,44,48,35,46,23,51,27,40,40,42,47,68,47,37,49,39,26,53,50,58,46,52,41,41,50,44,46,82,64,73,89	3004058	2331,1032,721,459,455,370,323,305,262,243,228,208,197,160,144,134,147,134,111,125,104,101,94,115,101,99,77,110,99,83,81,56,108,50,65,67,52,96,68,85,86,68,76,87,73,76,60,72,50,72,92,83,87,90,121,65,103,79,97,131,189	5029656
40	1343,561,409,308,224,234,195,160,153,145,119,110,114,106,72,74,88,74,93,82,60,53,55,39,60,69,50,54,35,41,61,43,35,56,29,45,28,25,45,45,37,60,38,50,42,37,28,50,44,43,42,53,41,35,57,46,33,77,58,73,93	3038292	2286,1048,793,492,444,375,303,290,231,279,208,190,191,138,134,139,147,126,112,138,123,137,94,95,105,99,90,120,137,90,87,79,100,71,83,71,68,111,73,115,105,61,78,63,64,87,71,66,71,68,61,60,90,93,100,87,91,93,141,124,188	5170266
41	1390,615,409,297,236,247,214,170,163,135,100,92,97,100,105,78,68,64,87,61,67,41,71,39,51,56,44,40,45,33,55,60,32,40,27,58,32,38,52,47,51,58,40,31,53,41,24,29,29,52,49,47,39,49,62,39,33,81,63,77,77	3067740	2354,934,686,508,443,398,314,289,244,224,239,210,173,155,145,154,129,121,117,116,104,122,91,114,96,105,89,112,114,90,71,66,92,56,68,78,54,97,67,97,102,67,84,61,44,91,78,74,75,52,64,74,96,95,116,75,98,94,113,143,208	5117504
42	1295,559,326,262,236,235,173,146,146,131,127,94,121,136,90,96,73,81,85,70,78,42,71,40,52,86,53,30,38,43,38,44,28,45,25,60,27,43,39,47,52,65,39,41,49,37,38,40,41,46,58,39,45,32,52,53,38,75,61,75,103	3037677	2293,953,766,488,460,358,312,299,225,231,225,199,192,167,141,163,115,142,126,148,91,109,86,104,113,93,72,121,86,94,69,88,99,78,57,59,60,99,74,87,105,67,68,79,45,80,75,81,56,69,72,72,73,82,90,74,81,82,145,133,207	4999600
43	1418,567,404,276,233,218,231,147,154,132,107,82,104,124,99,96,100,83,94,64,75,52,68,27,59,60,49,49,41,47,43,46,43,42,20,42,24,35,43,36,29,61,41,61,39,27,34,45,34,49,36,37,43,37,65,44,47,80,57,61,95	3104017	2299,1052,743,535,454,372,313,265,247,237,225,211,201,196,163,139,134,136,126,140,106,122,96,105,106,101,73,112,93,90,80,69,110,65,66,73,65,89,68,83,90,81,74,73,59,95,79,60,62,67,63,55,89,93,104,79,88,81,115,136,225	5102937
44	1332,492,398,319,209,214,165,163,154,151,106,107,115,120,88,70,68,98,84,61,54,44,64,34,52,71,37,48,40,49,46,42,27,50,26,50,28,48,45,42,41,50,35,42,39,37,35,39,46,58,39,57,39,46,44,42,44,73,69,83,81	3026600	2220,992,801,507,477,345,289,283,253,283,235,195,189,159,136,164,122,136,111,147,109,144,102,120,117,92,84,111,82,92,88,83,84,66,74,54,57,101,88,90,100,76,67,67,55,74,71,49,60,44,59,88,79,102,97,67,77,108,121,110,215	5058976
45	1376,578,384,279,206,257,205,151,180,131,113,93,95,101,95,91,86,65,93,62,72,49,54,42,68,65,44,43,36,57,58,65,49,57,29,43,39,51,36,52,41,58,37,39,56,32,35,41,32,49,56,60,36,37,68,46,47,85,71,102,80	3087421	2290,993,809,537,442,404,333,311,244,239,224,200,184,156,157,140,135,113,129,161,118,135,102,115,93,86,83,128,114,73,103,65,106,65,77,69,68,92,84,76,107,82,77,84,45,79,73,85,53,57,76,78,86,87,102,93,78,87,115,152,196	5152152
46	1347,559,375,330,225,247,198,141,141,169,115,96,111,119,101,98,66,87,87,72,61,52,54,40,66,73,62,47,50,52,42,61,33,38,37,58,38,39,31,46,38,59,46,51,49,44,33,35,30,50,31,53,42,42,49,56,47,65,72,87,69	3095140	2251,934,745,493,453,373,322,270,234,228,217,182,196,192,161,143,119,136,107,121,99,134,109,70,102,98,73,120,90,84,75,89,92,65,79,83,59,104,76,86,105,94,89,80,70,85,77,72,67,57,66,65,79,83,100,62,116,84,143,117,179	5086611
47	1314,582,365,291,243,245,201,142,169,141,123,98,121,111,86,67,83,87,105,60,62,59,61,40,61,79,40,46,43,48,51,47,37,53,43,55,37,49,43,46,42,51,43,49,30,30,26,38,32,53,40,48,41,63,55,56,44,60,62,73,96	3102601	2328,961,718,498,425,391,324,298,247,252,216,186,206,172,173,172,132,115,118,133,113,133,110,102,99,99,78,112,92,71,88,62,83,59,83,65,56,90,61,74,101,72,69,75,66,77,84,58,52,64,51,77,61,109,105,73,101,95,124,123,198	5202264
48	1423,545,404,319,221,232,209,154,148,144,126,109,123,109,88,83,82,90,88,69,62,67,60,27,70,66,35,47,51,42,61,51,39,41,28,64,44,39,54,45,41,65,31,44,44,50,26,35,34,42,55,41,27,42,56,43,42,78,71,75,83	3091045	2263,911,687,576,465,387,312,307,264,237,215,197,222,172,153,153,143,125,108,142,111,142,91,87,99,87,92,131,107,87,75,68,106,74,78,76,60,79,80,101,85,63,97,91,57,81,65,63,42,74,77,49,88,101,83,78,113,82,148,123,205	5101278
49	1284,549,391,292,217,226,196,152,162,130,124,91,116,94,98,71,71,89,89,81,56,45,60,31,60,80,56,43,33,39,56,57,41,43,34,53,43,44,39,36,47,69,38,25,57,28,40,49,32,55,48,46,42,36,60,43,45,103,65,72,108	3063292	2328,939,708,535,459,393,309,294,234,243,208,179,197,179,145,135,166,136,114,141,123,153,96,111,109,122,79,105,102,92,67,75,108,74,76,68,68,120,91,104,93,77,68,87,61,78,69,70,47,59,54,70,83,98,107,89,89,76,137,131,201	5103369
50	1324,551,388,285,237,259,203,165,164,134,107,79,119,103,89,89,89,104,102,57,61,55,78,32,60,68,47,36,40,32,46,46,34,58,39,45,37,38,38,49,45,67,38,48,45,48,28,35,41,44,41,49,39,35,57,57,44,75,73,64,81	3080938	2365,1023,716,521,454,440,299,330,257,237,235,213,211,154,114,149,111,140,110,143,125,137,80,105,113,90,95,118,93,69,74,78,105,47,70,70,49,86,58,85,94,78,68,64,40,82,73,73,50,60,56,57,111,82,84,83,91,84,119,123,219	5129644
51	1440,595,412,338,224,272,182,153,152,168,145,109,110,108,100,83,90,87,81,81,77,44,58,47,49,71,43,37,42,61,47,60,22,40,33,61,36,41,41,43,49,62,35,39,35,41,36,41,43,39,46,48,42,33,65,53,54,84,75,101,97	3162518	2299,966,758,552,446,358,298,295,241,250,197,204,217,168,131,165,126,138,126,137,118,122,110,121,115,98,68,122,100,72,85,66,112,60,81,58,71,101,80,86,81,57,78,80,58,80,79,86,70,72,66,74,69,91,91,92,99,101,124,141,201	5156642
52	1331,562,366,312,210,239,186,151,136,149,103,95,106,117,78,74,72,80,88,70,72,51,61,39,65,92,38,36,30,46,61,35,23,42,30,57,28,36,57,45,42,63,36,35,48,34,32,40,37,57,41,51,45,40,56,45,55,81,68,70,111	3064991	2339,1005,735,518,452,433,350,300,262,272,237,182,207,151,138,131,146,126,116,137,117,118,102,89,95,110,88,121,82,100,81,84,88,68,88,52,58,89,65,67,96,86,77,71,64,80,71,80,69,75,58,70,82,106,99,78,95,81,123,145,189	5084834
53	1428,574,423,300,232,204,171,136,133,124,121,96,115,113,92,84,90,85,93,65,60,46,71,31,42,73,48,42,53,37,54,49,48,49,35,47,32,33,47,45,50,62,37,36,41,30,40,30,31,48,42,54,47,43,60,44,55,70,69,89,88	3023877	2304,995,748,490,454,349,302,283,238,218,252,211,210,150,136,144,125,131,119,130,119,123,103,79,114,91,102,128,95,78,75,80,92,74,80,75,65,107,68,88,99,63,57,67,54,80,72,67,64,73,71,66,78,85,90,76,89,91,130,138,230	5078723
54	1277,604,415,306,225,259,193,156,142,149,126,91,112,121,86,90,89,99,82,51,63,40,63,35,59,82,49,46,37,42,47,59,39,42,26,53,38,29,40,46,45,49,25,39,39,37,37,47,39,53,53,49,40,45,65,27,47,69,65,83,89	3068738	2285,1039,798,557,459,383,319,284,252,233,246,190,213,159,127,166,124,121,117,132,114,130,70,109,96,96,84,119,106,92,99,59,98,59,78,66,47,94,69,68,71,69,79,79,53,89,66,67,41,72,70,66,85,93,91,86,94,95,102,130,165	5141585
55	1426,606,364,294,213,224,202,151,151,153,104,101,130,111,97,88,88,91,84,59,65,52,71,44,54,80,31,38,43,40,64,58,48,42,26,50,37,37,38,35,47,65,37,52,43,48,37,36,54,57,48,61,40,37,46,49,37,88,46,73,89	3113236	2422,1029,721,541,399,391,303,288,242,246,225,190,212,159,142,165,135,141,111,128,111,144,102,77,102,97,67,127,91,80,76,69,107,67,82,58,64,99,67,91,93,86,73,82,52,86,83,62,51,61,65,73,79,99,88,73,83,86,137,135,200	5127880
56	1347,606,408,284,250,228,190,139,146,141,106,93,118,102,86,85,71,72,89,63,59,62,61,42,53,74,45,40,42,42,47,46,36,55,33,48,34,33,45,53,48,57,40,43,46,35,34,35,36,45,44,40,43,37,60,40,38,67,100,94,78	3144541	2399,985,760,592,471,403,357,307,195,263,216,214,215,180,138,163,132,131,117,134,125,101,113,91,102,104,71,138,119,80,85,74,103,76,94,76,56,94,69,96,85,99,66,72,64,102,85,79,61,73,54,65,101,87,121,79,84,97,140,135,214	5236922
57	1307,565,354,293,222,226,185,146,152,144,118,94,117,102,90,71,77,86,90,78,61,46,65,39,62,60,56,41,41,52,67,54,27,36,34,44,37,38,26,48,32,59,36,42,43,34,34,39,52,52,38,54,42,39,52,45,44,72,57,78,86	3043984	2279,993,717,516,439,391,306,295,226,249,216,189,216,162,147,154,118,118,112,124,125,124,103,91,95,98,65,102,104,73,82,68,113,66,77,65,64,84,76,93,88,83,89,72,65,101,66,61,51,66,61,59,77,100,91,83,69,75,123,139,227	5094354
58	1363,574,394,305,213,227,232,165,127,154,120,102,120,116,89,87,90,90,99,60,65,47,80,31,54,81,55,56,40,55,54,45,28,39,30,60,34,34,57,51,44,65,50,54,47,42,41,47,38,49,56,42,33,56,57,43,49,87,70,94,99	3117816	2336,962,806,527,423,364,347,274,229,258,235,216,217,156,144,144,132,136,115,131,121,148,97,98,113,76,81,121,120,78,69,79,117,75,103,65,50,96,65,72,100,82,68,71,62,79,75,81,54,71,62,68,93,94,74,73,99,81,132,135,245	5138564
59	1387,536,399,310,225,245,194,134,142,161,145,96,112,90,96,87,75,93,82,75,53,42,60,29,55,79,44,40,38,53,63,41,38,56,24,53,23,35,33,38,38,55,41,63,57,39,40,35,35,50,53,54,38,31,49,56,44,84,64,66,91	3090061	2335,1013,717,532,439,396,379,290,232,229,207,180,177,187,150,160,135,147,104,140,123,142,87,90,96,87,77,104,118,89,70,85,121,67,95,52,50,92,84,96,95,83,69,76,64,94,80,81,66,62,70,63,87,81,94,82,88,94,104,138,173	5103648
60	1320,581,369,290,230,253,185,172,153,153,119,118,122,131,90,77,84,76,124,67,51,59,52,47,62,79,48,46,40,43,50,41,35,41,27,60,34,37,50,49,42,63,39,36,47,34,32,41,45,51,35,57,50,40,50,39,37,72,54,80,79	3073648	2224,944,770,535,428,389,309,297,251,245,222,205,179,135,134,177,126,124,107,128,116,119,106,93,88,83,77,117,105,72,71,75,89,66,83,73,63,102,84,84,84,98,88,62,62,100,58,82,67,82,83,83,79,100,105,94,106,75,112,109,199	5109817
61	1380,602,440,333,206,269,230,159,174,154,113,96,109,136,96,90,81,87,112,75,58,50,57,44,53,67,42,32,39,37,50,43,38,55,28,51,36,59,40,44,43,58,39,43,52,40,36,51,34,71,69,56,42,42,61,52,27,86,66,111,94	3141256	2358,974,771,558,504,395,332,310,288,283,229,166,216,148,143,184,148,121,112,144,119,163,125,107,112,92,87,121,106,65,76,90,108,75,79,65,60,104,71,82,85,77,68,87,71,99,78,76,57,71,51,62,91,102,110,83,110,87,151,137,191	5301719
62	1326,591,415,297,222,231,200,164,158,153,110,96,110,102,87,96,56,92,95,72,66,41,63,32,64,76,49,38,46,42,55,52,31,50,34,48,45,47,38,50,44,52,40,41,51,36,29,41,37,50,46,51,33,47,52,56,42,62,77,68,90	3010597	2267,962,688,535,465,379,351,283,247,235,223,186,197,203,121,159,144,150,109,119,104,144,109,99,99,86,70,116,108,92,71,76,110,80,72,63,67,95,71,97,96,68,70,74,62,80,82,58,57,70,69,57,67,74,88,91,95,81,110,149,178	4939851
63	1319,568,403,285,232,222,190,149,183,128,102,102,104,97,87,88,59,82,83,68,64,47,56,50,53,74,48,32,33,51,56,43,43,55,28,40,30,52,39,34,38,71,46,54,45,46,31,49,25,50,46,52,42,34,46,45,35,58,58,95,85	3066616	2366,995,752,525,440,424,321,274,248,254,220,219,198,146,150,167,154,145,105,152,106,142,92,110,93,103,97,101,92,77,84,71,81,61,77,75,63,105,73,90,112,80,89,68,57,102,81,66,55,71,82,74,89,106,111,57,101,81,132,133,229	5164731
64	1326,576,370,296,221,234,226,148,165,142,119,109,106,105,114,93,62,89,72,62,61,48,80,37,58,75,39,36,44,52,53,67,41,33,20,54,22,47,43,38,40,62,45,46,44,35,46,41,33,58,54,39,49,39,56,39,48,77,63,76,96	3089337	2294,962,761,511,443,367,335,307,239,259,246,167,202,155,142,149,145,128,125,145,128,118,86,126,96,85,72,121,92,86,79,74,93,65,60,45,48,107,68,77,73,73,79,88,60,88,79,71,60,66,59,78,108,70,99,93,76,87,140,144,202	5044555
65	1405,583,384,283,247,216,200,154,149,125,126,114,91,103,80,84,80,88,100,62,55,42,64,38,51,65,45,43,48,45,45,50,32,62,21,41,26,39,36,44,57,64,41,34,47,27,37,46,50,51,53,38,47,41,53,39,51,86,71,80,97	3062869	2346,1049,798,492,427,361,301,309,236,235,214,210,210,163,148,159,158,139,107,129,135,136,79,99,111,88,81,140,107,69,75,74,92,84,83,60,50,84,64,78,89,80,84,74,55,78,73,92,58,69,61,71,76,114,94,66,101,91,128,139,208	5136011
66	1367,612,430,307,230,274,208,158,152,146,120,101,115,126,86,90,93,99,89,58,63,34,59,43,63,62,38,47,38,49,45,58,41,39,27,52,30,38,49,45,56,54,45,52,38,30,38,36,39,64,53,48,46,48,51,49,41,65,62,83,96	3089848	2258,974,686,533,397,370,290,293,208,306,230,202,179,160,158,136,136,135,113,129,104,136,83,108,97,100,88,121,100,92,92,90,98,77,75,52,59,73,57,76,103,76,91,71,69,79,89,79,66,80,69,67,88,94,104,89,91,98,141,122,208	5101304
67	1424,587,416,343,210,231,201,164,133,149,120,105,113,129,103,90,80,97,100,78,79,61,79,49,48,78,44,45,48,42,67,56,35,44,23,50,24,45,43,30,43,70,31,33,40,40,29,44,47,66,41,40,50,48,45,47,49,67,72,83,90	3085101	2324,939,698,537,437,370,312,307,256,252,222,190,176,149,146,176,124,127,116,119,108,134,107,103,118,97,83,101,88,100,75,74,84,52,87,61,63,92,65,83,100,74,79,82,65,79,64,90,59,66,71,78,83,97,98,70,80,82,122,111,190	5068808
68	1350,600,405,283,217,235,197,155,169,137,131,103,93,113,110,87,71,91,101,57,56,36,66,32,52,78,57,38,39,31,39,37,35,48,27,36,50,29,44,36,41,51,48,51,52,32,40,40,36,62,51,59,44,53,64,40,54,81,76,82,90	2979631	2347,1054,753,563,430,375,313,289,245,228,227,181,195,157,167,147,126,128,93,138,120,132,110,109,106,98,73,103,114,102,84,89,132,68,71,60,73,112,62,61,87,85,67,68,60,98,76,67,50,53,83,54,83,95,99,79,94,88,129,154,205	5100161
69	1317,589,370,311,237,222,183,125,175,146,112,96,115,120,87,86,71,59,83,66,68,45,65,42,46,68,42,57,36,36,47,43,39,45,34,45,33,46,41,44,47,47,30,44,46,41,32,44,43,46,36,47,34,22,66,40,36,81,74,92,84	3067637	2311,997,740,497,413,364,310,278,228,213,229,187,207,150,144,163,137,120,124,116,106,135,119,95,106,101,78,126,98,88,73,77,93,55,85,82,59,107,77,88,88,83,80,67,62,88,91,80,69,72,66,51,75,108,126,79,84,96,121,157,203	5133879
70	1335,573,373,306,225,267,229,149,168,148,123,86,111,126,103,79,92,87,99,63,88,57,65,39,53,89,45,45,36,50,44,36,36,38,31,56,33,48,45,44,51,66,46,38,55,40,29,40,35,53,51,53,40,45,57,35,46,65,78,85,90	3100926	2375,963,778,554,428,406,306,271,228,268,239,203,187,172,157,155,146,137,127,140,132,128,114,122,93,88,93,118,90,97,92,72,101,72,96,66,66,99,88,82,101,79,60,87,59,82,80,72,54,75,69,66,82,87,98,81,99,85,114,157,187	5119610
71	1353,586,406,271,217,223,192,141,144,136,124,99,118,120,116,80,81,88,81,61,71,53,47,35,56,77,65,43,44,42,53,63,36,47,22,61,32,40,39,43,28,70,36,42,35,39,38,42,32,51,50,41,38,50,55,52,37,70,60,96,90	3100859	2352,1065,766,542,445,392,337,299,236,236,225,237,222,165,161,149,130,138,99,132,120,131,100,106,102,97,84,129,101,80,73,67,98,47,85,73,60,105,81,99,89,75,71,75,64,89,90,74,53,72,65,66,90,109,99,89,81,88,141,126,189	5237116
72	1349,593,378,298,234,269,198,153,165,117,106,110,103,123,98,89,96,93,70,62,63,56,62,50,62,61,51,41,31,40,50,57,51,44,41,52,32,32,48,57,42,44,44,50,58,44,29,57,52,58,43,50,45,54,66,43,39,61,73,84,90	3023741	2281,920,815,537,476,360,305,290,236,238,197,201,206,152,141,157,124,116,129,134,110,125,92,88,73,78,75,110,103,79,66,74,79,68,95,68,61,124,76,76,105,66,88,84,71,89,61,73,49,71,71,79,83,98,110,66,100,99,129,160,174	5053535
73	1345,563,380,310,229,243,190,147,136,131,129,112,101,124,98,86,75,77,82,69,75,63,68,47,60,68,42,52,37,53,65,58,36,34,36,61,39,43,51,44,42,63,33,42,48,40,29,41,38,44,50,47,34,36,50,33,26,62,66,92,95	3028838	2320,911,733,521,430,372,325,327,270,258,209,188,194,163,152,154,125,128,107,128,105,132,82,103,100,92,84,136,95,69,73,84,92,67,76,62,56,98,63,82,96,78,68,71,62,80,58,74,68,71,69,61,81,98,85,67,106,85,114,128,194	5078895
74	1330,628,345,319,218,242,188,141,142,150,111,96,132,91,88,102,94,95,101,72,70,44,54,33,61,62,51,46,34,37,38,45,33,48,43,50,28,41,40,49,45,67,40,43,45,35,24,54,45,47,49,45,49,43,60,45,41,77,67,96,67	3041951	2370,1041,792,509,501,393,286,297,233,228,217,216,208,155,112,162,141,125,116,149,120,135,98,108,103,97,78,107,114,77,67,80,109,76,83,69,63,105,78,82,117,98,77,69,59,99,53,69,63,55,67,57,85,80,99,74,105,88,106,112,206	5120005
75	1440,666,387,280,194,252,198,149,160,143,138,92,106,108,106,93,81,87,99,59,57,46,67,43,49,70,36,25,40,35,54,56,32,43,25,67,26,33,42,32,46,51,31,42,39,30,37,40,46,43,51,57,45,49,56,52,62,60,80,87,97	3094571	2381,1029,720,582,429,384,319,338,228,240,228,201,192,157,154,150,131,128,128,147,123,124,105,111,92,103,92,105,93,72,81,72,98,56,81,80,78,89,59,90,96,85,88,95,58,99,66,65,57,83,63,79,76,82,110,86,91,73,130,148,217	5133589
76	1346,604,413,328,244,253,193,155,153,130,126,110,112,139,83,96,84,85,103,67,70,57,60,36,57,72,46,46,45,49,41,54,36,44,34,38,36,32,37,50,52,62,35,34,38,39,31,42,43,53,42,48,44,39,55,46,45,72,79,91,89	3068555	2379,994,731,551,423,361,322,270,283,239,225,202,184,151,164,164,144,130,112,141,121,116,97,107,106,98,72,114,105,80,70,89,103,48,65,75,78,96,55,89,98,64,75,64,63,81,62,69,51,56,70,74,89,82,83,71,103,84,140,133,218	5145054
77	1298,611,380,283,202,246,187,147,143,131,97,91,102,111,100,74,79,87,72,60,81,38,62,38,55,75,42,39,40,50,55,57,33,62,36,58,29,45,35,34,39,60,32,36,51,36,40,47,36,55,53,47,50,42,56,47,60,68,59,86,83	3070391	2409,1063,723,517,492,388,300,278,235,249,223,220,201,178,155,138,141,142,134,130,115,139,105,117,88,113,78,116,106,84,84,63,87,68,82,76,57,133,67,84,95,93,86,78,56,76,61,60,56,62,54,46,80,99,111,76,94,106,136,134,208	5113203
78	1319,523,366,293,223,267,185,154,150,138,114,106,111,110,101,79,70,80,95,73,75,57,62,25,62,52,46,42,43,40,49,42,31,47,43,47,36,32,50,61,49,64,52,35,36,39,44,38,38,39,48,38,31,44,56,44,51,80,62,103,91	3052908	2227,911,753,494,429,360,345,305,268,232,242,211,173,151,141,204,121,120,115,126,110,139,105,104,104,76,83,110,103,83,89,83,96,76,69,60,66,89,68,103,97,78,87,81,44,73,67,88,55,60,62,72,74,103,110,86,97,69,125,126,204	5033243
79	1370,634,394,295,217,248,192,171,159,139,132,110,119,113,93,109,84,86,103,72,54,37,61,48,59,80,40,36,44,41,51,46,28,49,35,50,44,34,37,44,29,64,42,41,49,37,32,38,44,54,53,57,47,33,68,55,35,77,62,87,97	3124475	2325,1007,713,530,432,433,347,307,279,241,256,205,182,156,158,178,151,141,106,129,111,128,78,84,99,101,78,124,106,91,74,82,90,55,70,75,49,86,79,87,86,70,67,75,56,76,56,54,68,59,70,68,96,97,100,59,104,93,132,116,202	5152710
80	1317,564,383,345,184,249,220,175,158,129,132,94,122,109,106,81,71,81,104,65,59,40,53,41,52,74,52,38,35,49,40,57,36,43,37,40,39,34,48,35,48,67,48,37,45,35,32,39,32,65,49,56,39,39,65,50,43,85,59,79,94	3067455	2286,1040,784,562,457,373,331,291,241,234,231,212,206,164,132,152,150,140,107,164,99,117,102,101,118,112,76,117,122,68,82,60,97,58,85,62,78,97,74,85,85,78,71,62,44,101,93,72,56,73,74,69,72,74,81,83,88,82,109,121,208	5159867
81	1315,550,377,305,229,250,184,157,142,154,113,95,100,125,115,74,90,90,85,71,76,52,62,40,42,65,45,43,36,39,45,34,33,57,33,51,37,38,38,49,46,61,27,44,44,31,31,42,35,53,42,46,27,40,50,50,39,59,70,71,88	3036845	2196,992,770,520,421,367,320,280,233,227,216,202,185,149,159,176,131,141,113,130,99,127,124,120,119,104,80,103,98,86,78,71,93,49,83,55,67,109,68,81,91,84,74,65,65,71,60,77,71,79,58,69,84,87,98,87,91,93,130,153,195	5054938
82	1420,584,412,279,218,239,176,153,150,160,117,111,102,117,84,74,98,91,83,65,72,47,71,41,46,86,50,45,36,38,55,51,32,35,28,49,27,43,44,49,36,63,33,54,47,33,26,37,40,46,50,54,52,44,63,61,36,76,77,85,93	3134902	2288,954,761,526,432,410,361,301,256,253,254,208,207,131,132,157,123,136,113,141,134,145,98,119,113,100,90,91,109,94,84,73,97,72,74,62,48,87,79,88,98,80,61,72,62,73,82,87,73,82,71,61,77,90,97,62,96,76,131,132,170	5101420
83	1418,567,420,295,225,250,207,171,155,137,127,100,123,85,93,100,81,73,90,70,53,48,82,41,60,84,54,38,50,56,47,55,36,47,35,54,29,39,38,39,51,93,35,40,39,42,33,53,44,50,49,64,46,44,58,50,33,76,109,87,84	3128979	2323,1084,742,516,497,394,343,319,244,255,255,223,205,168,153,143,143,139,105,160,139,137,85,109,94,91,79,120,94,86,88,85,97,44,83,71,57,115,60,83,87,78,75,76,66,81,73,68,66,73,87,72,81,84,108,66,93,71,113,161,215	5200663
84	1361,584,384,286,202,229,180,153,126,152,112,96,114,108,86,76,73,78,88,62,79,46,67,37,67,77,44,39,39,56,39,60,35,40,27,50,35,44,58,34,44,56,31,37,42,39,28,33,36,57,47,57,40,35,68,48,47,76,58,85,105	3044129	2265,1016,782,559,472,360,308,277,239,242,218,218,159,161,160,173,135,134,115,120,111,154,119,86,105,98,81,114,116,97,84,79,113,46,91,72,56,108,66,107,87,85,76,94,65,105,69,61,50,49,61,61,77,85,93,66,104,76,130,123,195	5113988
85	1374,566,381,313,209,251,199,138,172,132,113,102,111,121,106,81,55,61,92,74,65,53,54,45,68,64,55,38,43,42,38,52,43,57,40,55,31,36,43,45,52,69,43,47,42,43,43,50,43,46,51,48,32,35,56,42,32,108,79,77,88	3074131	2261,955,761,499,443,382,325,294,264,207,210,201,213,150,151,154,125,150,128,141,112,134,97,110,112,96,87,99,110,85,76,80,101,59,84,67,67,97,71,104,84,72,85,58,45,87,95,68,48,74,69,82,76,89,79,79,90,99,135,153,213	5087307
86	1315,574,385,304,245,243,208,156,178,149,123,101,97,126,88,85,76,92,84,47,59,52,65,44,45,59,37,55,39,38,44,59,33,46,34,44,38,34,39,44,45,76,41,44,49,34,30,51,27,54,49,47,51,47,59,42,42,72,58,99,77	3058667	2347,1052,795,533,446,372,331,291,234,233,226,198,202,190,134,155,147,150,127,121,105,127,108,112,127,85,81,99,93,80,77,68,107,53,76,75,64,108,71,79,88,81,72,83,61,82,75,67,54,81,66,60,81,96,94,82,88,99,110,121,211	5118511
87	1348,577,433,338,219,218,197,149,126,134,130,102,108,99,80,93,85,94,94,56,47,41,66,45,58,75,41,46,39,48,63,47,33,43,33,48,39,36,38,40,41,62,43,33,48,39,31,38,44,59,58,46,34,36,70,34,52,88,61,97,86	3093306	2311,1021,727,531,430,365,366,338,255,249,252,208,191,166,160,146,119,138,130,107,112,132,107,115,107,94,82,119,77,81,86,63,112,57,58,55,65,112,66,88,83,74,76,61,65,87,67,64,53,58,89,68,83,82,103,83,104,89,129,142,238	5176573
88	1396,605,404,293,252,254,201,157,161,149,142,108,105,126,91,74,78,81,98,66,75,53,64,33,65,64,57,45,39,43,51,40,38,56,27,54,25,46,48,43,44,65,51,44,52,38,49,47,42,47,54,54,35,37,57,38,66,67,80,85,83	3125910	2222,1046,786,562,482,369,331,285,241,246,229,192,206,177,147,164,137,157,111,144,131,131,98,118,109,102,85,132,93,94,67,77,110,66,75,62,50,109,73,96,89,72,60,90,64,84,70,71,71,66,69,63,83,100,84,75,82,84,128,124,206	5133929
89	1371,597,406,296,221,220,221,140,149,137,119,100,121,108,104,80,77,90,85,65,54,47,69,37,61,78,45,48,36,51,51,42,32,55,21,61,35,52,42,41,31,71,33,39,48,41,35,42,45,66,32,55,43,39,54,46,30,68,68,85,76	3077598	2362,985,720,514,464,358,307,307,225,239,206,221,171,149,127,178,140,143,126,140,106,146,96,129,93,79,82,118,117,89,72,77,115,60,75,70,67,118,71,90,97,69,74,68,50,88,67,71,60,67,80,86,82,103,92,67,86,87,138,131,207	5095552
90	1397,556,409,300,220,240,226,141,150,161,146,93,112,114,110,84,81,92,101,69,63,48,66,42,58,66,40,43,35,40,42,62,27,56,22,61,48,35,61,40,34,72,50,49,40,38,26,49,46,50,56,45,33,54,60,55,42,73,78,84,84	3111332	2342,975,753,555,460,362,329,280,270,248,215,217,223,174,154,140,135,135,123,144,108,126,113,115,99,105,97,123,102,80,70,67,94,65,96,64,66,100,86,82,94,72,77,62,57,85,83,79,62,63,60,58,71,98,109,85,99,106,128,135,241	5216589
91	1355,536,406,292,221,230,209,140,150,137,120,101,111,124,101,83,76,78,89,59,58,50,55,43,39,55,39,33,39,39,36,49,49,34,34,54,28,55,43,55,41,59,37,33,47,39,48,43,43,45,44,50,43,46,51,41,39,74,72,77,90	3012184	2188,933,752,512,444,365,291,266,234,193,195,191,197,149,142,168,139,137,119,129,115,115,84,99,85,88,84,102,117,56,73,66,131,55,80,62,70,134,84,69,84,86,79,81,38,86,77,55,42,62,59,71,72,94,94,69,97,87,127,138,196	4971014
92	1434,586,396,301,248,256,209,123,142,153,130,102,130,113,102,76,72,88,95,48,63,53,62,43,53,57,43,50,41,51,52,54,34,51,30,67,35,36,34,48,60,73,40,36,61,35,35,32,45,60,43,46,30,31,55,55,35,73,50,69,83	3094655	2415,931,770,507,444,391,298,295,258,235,228,205,206,162,146,149,141,123,117,133,128,128,128,109,112,98,88,137,104,87,65,86,97,63,86,77,53,109,67,99,102,69,75,83,70,86,80,63,54,76,53,60,74,80,93,75,122,66,122,117,224	5172558
93	1373,565,367,282,243,210,183,149,163,153,120,97,81,102,104,83,71,97,116,54,73,54,61,35,64,78,48,33,32,36,51,56,35,48,25,60,33,47,33,33,47,48,35,42,38,30,39,34,33,53,42,40,48,32,58,47,44,72,79,98,103	3041449	2353,931,751,487,414,345,325,283,274,241,227,195,200,152,185,159,150,126,103,126,119,124,98,98,100,96,83,111,97,85,88,79,112,54,79,70,58,109,69,91,106,59,77,68,49,85,59,72,68,66,74,66,82,91,115,81,102,86,121,160,216	5168093
94	1351,604,389,279,222,223,187,144,146,157,110,98,113,101,80,84,85,83,110,74,69,60,62,42,55,55,51,54,43,52,59,58,48,49,27,48,27,39,42,52,46,67,45,45,54,46,48,47,35,48,39,47,39,50,53,42,30,95,53,88,84	3071621	2315,1004,720,541,469,424,332,320,259,230,231,173,216,176,150,157,152,126,118,139,126,146,106,99,95,109,96,131,117,85,78,72,102,66,78,74,49,104,58,82,91,82,67,61,47,79,80,77,57,81,69,78,85,88,95,95,99,115,114,125,214	5192724
95	1349,608,420,290,224,231,180,151,169,134,121,103,109,141,106,79,78,90,108,72,64,67,77,53,42,68,66,42,46,46,48,45,39,59,33,53,32,39,46,54,48,79,28,50,42,47,34,46,46,74,35,52,32,39,63,51,45,82,85,99,102	3114078	2305,1000,728,566,458,429,350,309,271,268,237,216,186,172,157,170,146,134,129,126,110,117,89,97,100,115,55,117,98,87,69,84,97,70,70,63,52,100,49,92,85,80,69,67,59,78,92,65,62,70,66,64,71,103,84,76,110,109,116,140,196	5215751
96	1373,576,413,260,232,252,224,118,178,155,127,123,109,116,111,94,83,83,95,63,48,62,62,33,60,67,47,53,53,56,47,58,33,49,25,54,36,38,40,47,35,54,38,43,67,48,41,44,45,50,39,49,34,40,62,59,38,75,69,76,100	3114650	2322,1038,782,535,426,406,322,314,253,230,241,186,204,165,159,150,146,143,115,134,102,162,109,105,97,115,86,121,106,89,73,69,108,55,98,68,54,107,71,97,94,79,75,77,47,99,72,78,71,80,75,57,79,86,102,62,115,89,125,145,209	5200130
97	1324,552,387,282,198,240,191,144,171,155,113,87,116,115,93,92,84,81,94,69,63,52,60,34,51,82,49,48,26,54,59,48,59,47,38,43,27,37,40,48,41,60,34,49,43,47,23,47,32,45,30,45,48,50,61,51,50,84,70,86,89	3095539	2415,944,768,542,415,390,317,287,252,259,255,191,212,152,128,180,123,122,103,130,120,145,96,101,115,86,83,103,98,81,75,75,109,57,67,65,60,93,76,88,102,71,78,59,63,77,71,82,61,74,77,70,105,97,109,85,106,87,130,120,206	5147337
98	1389,591,389,268,212,235,197,154,152,143,98,97,89,100,94,97,80,87,103,68,73,48,74,43,65,73,45,48,52,55,79,49,34,51,27,51,29,53,45,32,51,53,43,39,40,48,31,46,44,45,51,46,47,46,48,48,49,68,61,92,89	3052671	2434,979,745,502,444,351,324,276,226,235,207,219,197,147,122,167,138,148,120,125,105,149,94,119,102,85,108,95,110,85,72,78,106,55,84,59,74,97,74,102,129,75,85,77,69,93,64,66,57,81,70,67,84,84,76,83,86,90,134,126,206	5093272
99	1329,563,415,307,235,232,192,171,141,153,118,120,132,106,85,89,74,80,91,70,65,47,72,36,62,71,58,48,45,53,65,45,42,47,32,54,45,39,42,44,40,74,45,49,56,36,35,34,34,46,51,45,37,53,51,64,48,63,61,81,72	3051417	2399,1003,697,484,448,365,304,286,259,249,205,188,192,145,124,164,131,112,123,129,119,126,89,107,89,83,74,131,100,90,67,80,93,73,84,79,74,91,67,89,89,74,77,71,65,95,60,76,58,65,60,78,67,94,98,78,84,97,119,132,202	5128138
100	1305,567,438,304,250,253,181,142,142,132,110,83,117,125,102,97,82,98,102,77,57,58,61,50,58,73,47,47,38,49,50,52,31,40,30,46,29,33,42,44,49,54,39,37,46,44,32,34,39,51,58,50,33,52,48,49,48,83,73,93,101	3054724	2287,928,719,555,424,358,344,302,208,244,261,192,202,143,142,161,138,135,130,143,122,136,92,98,95,105,96,109,89,97,64,79,98,62,87,64,68,89,73,73,104,73,81,78,47,82,62,61,62,62,72,62,81,80,111,58,94,107,119,151,200	5070182
