bs_rep	neu_sfs	neu_call	sel_sfs	sel_call
0	2961,1263,866,708,528,517,409,339,340,315,259,248,246,233,184,194,170,190,187,149,143,144,139,100,132,163,107,114,101,110,113,124,93,103,76,112,90,95,98,93,95,118,87,102,93,90,86,90,91,104,97,100,93,116,117,105,116,164,148,179,234	6795515	15554,6229,4440,3161,2626,2315,1991,1727,1510,1372,1246,1102,1040,991,908,894,813,776,755,704,680,600,609,562,594,534,498,508,489,473,439,415,485,441,417,409,454,435,412,373,397,414,441,422,415,375,373,393,394,380,408,444,412,480,513,500,529,575,683,793,1099	33533654
1	2923,1251,818,674,542,521,407,347,317,300,283,237,254,246,182,180,169,187,183,137,138,140,130,90,133,159,96,107,92,109,116,112,97,114,78,123,86,110,97,93,91,109,68,112,100,99,80,89,79,114,84,92,104,108,113,125,118,184,154,193,229	6790238	15473,6111,4383,3069,2558,2300,1929,1724,1559,1297,1173,1070,1042,1028,879,890,770,765,737,692,719,602,585,575,607,535,478,489,479,441,443,387,477,486,406,430,475,427,429,361,390,425,449,437,420,381,351,445,401,388,392,448,428,465,506,522,505,562,693,789,1178	33438111
2	2964,1271,861,703,530,533,388,297,327,293,272,250,246,242,162,207,174,179,195,150,141,141,126,86,165,155,104,108,102,124,134,144,78,102,80,94,91,100,99,86,119,108,83,77,89,88,87,86,107,96,100,94,98,112,99,109,107,145,147,183,265	6752067	15702,6298,4551,3138,2651,2223,1951,1693,1498,1330,1213,1052,1053,1070,877,854,798,796,821,699,660,590,557,580,587,532,533,517,517,497,438,396,522,446,432,400,440,464,348,358,427,367,471,432,442,381,374,418,413,410,436,434,405,489,509,483,524,585,728,805,1118	33676132
3	2981,1238,862,662,570,491,355,367,352,312,258,233,257,262,182,192,170,197,173,142,138,125,143,111,125,162,104,141,102,96,117,130,92,91,64,118,107,108,127,79,91,134,101,97,100,88,85,100,101,103,81,91,98,109,92,107,121,144,145,187,225	6829998	15634,6202,4432,3195,2618,2332,1997,1751,1516,1385,1251,1119,970,939,941,900,808,819,811,735,699,542,622,531,569,496,516,493,453,484,429,405,474,471,400,411,453,446,400,367,440,458,411,451,408,360,383,358,400,382,392,460,416,479,544,522,542,577,683,777,1144	33732740
4	2870,1215,864,717,504,557,407,341,310,267,256,232,246,227,171,209,187,180,212,144,156,141,141,112,114,181,107,134,84,109,99,122,75,110,69,113,75,105,103,100,91,111,90,84,100,84,102,83,80,113,88,95,80,119,126,105,91,159,174,181,243	6775874	15478,6268,4446,3305,2601,2350,1978,1728,1439,1385,1237,1133,1052,974,923,941,797,749,727,715,717,594,610,568,559,536,532,494,478,446,418,409,464,450,405,380,447,450,407,346,390,397,459,448,448,427,354,404,396,392,366,446,382,462,496,465,551,605,709,798,1146	33571976
5	3000,1284,871,648,525,483,422,323,321,315,245,269,258,207,205,192,190,173,203,153,142,140,144,94,119,143,110,112,88,105,127,126,89,89,66,82,94,110,114,91,87,120,86,112,95,88,68,85,97,104,96,87,84,115,123,108,108,177,145,192,236	6791848	15758,6224,4557,3263,2683,2272,1968,1722,1540,1361,1209,1114,1075,998,921,910,837,757,804,724,654,570,641,601,655,549,487,504,508,499,467,485,527,473,396,429,481,450,445,361,405,399,506,421,411,404,384,382,408,361,454,444,427,519,554,492,511,519,704,754,1155	33719696
6	2860,1301,911,698,559,548,414,376,344,304,253,273,262,237,209,182,180,194,195,176,152,145,140,84,127,170,97,113,108,113,119,122,85,114,88,112,91,99,86,102,95,132,80,106,98,97,103,89,83,101,106,87,87,125,127,90,119,178,140,190,243	6845753	15720,6279,4334,3107,2655,2255,2017,1696,1572,1401,1202,1073,998,1027,857,889,802,742,741,658,653,645,620,574,612,549,486,502,483,495,415,456,484,427,439,386,494,406,455,361,416,434,400,377,401,367,370,400,365,417,398,450,446,485,581,512,585,573,718,779,1143	33566859
7	2971,1255,879,689,546,521,386,336,332,300,244,277,265,236,185,200,168,184,183,147,143,137,123,76,131,158,102,129,87,129,93,130,89,96,68,125,101,84,102,88,101,128,103,114,96,96,91,92,88,109,114,87,90,122,123,101,112,162,166,177,205	6837170	15506,6215,4410,3055,2511,2321,1978,1736,1420,1335,1175,1160,1016,943,908,877,845,787,723,708,681,594,625,596,558,500,457,483,495,475,431,384,494,438,420,404,433,442,431,374,353,413,426,425,404,394,383,407,373,382,408,432,402,424,539,518,518,579,714,788,1077	33245071
8	2965,1253,842,720,525,513,415,325,359,331,271,248,248,236,187,178,179,177,202,154,144,157,134,109,127,176,116,105,107,105,109,126,104,96,88,114,82,89,103,95,116,135,97,94,95,94,62,97,83,107,86,87,105,97,116,101,133,176,137,150,219	6813827	15656,6394,4455,3200,2577,2375,1973,1699,1475,1408,1244,1072,1105,941,948,797,752,727,717,696,654,628,629,608,573,529,533,512,500,464,445,437,492,466,423,424,472,394,414,367,349,441,427,390,391,365,384,393,362,391,438,439,406,453,545,463,541,600,671,802,1041	33724896
9	2887,1219,858,719,522,516,365,336,350,323,255,237,255,223,161,213,177,186,176,128,158,130,144,105,131,176,110,127,104,112,101,113,96,109,87,127,71,103,99,97,100,124,71,95,114,87,65,99,72,119,75,94,92,140,112,95,118,163,142,159,222	6786711	15686,6191,4342,3145,2641,2338,1967,1756,1468,1374,1241,1132,1055,1013,921,904,804,779,704,675,681,628,569,543,593,542,516,462,495,452,421,397,466,421,418,402,430,421,412,360,384,409,432,434,430,389,371,404,376,413,397,465,435,458,524,515,558,597,714,748,1103	33750193
10	2967,1259,850,675,533,461,435,322,359,330,245,236,256,228,175,195,160,173,181,124,146,131,121,107,140,170,115,97,106,115,131,104,100,124,90,110,78,104,90,119,101,122,77,95,101,93,91,95,84,94,113,106,95,126,119,97,125,160,141,170,232	6758872	15246,6028,4355,3182,2612,2238,2034,1699,1536,1293,1290,1070,1052,982,873,875,866,790,732,632,672,599,588,547,577,523,527,526,542,482,450,445,475,468,429,421,473,435,424,366,384,416,431,416,455,370,360,376,362,388,412,438,434,454,522,513,487,586,663,807,1117	33248529
11	2957,1267,840,743,540,494,391,321,354,321,255,251,246,220,172,192,160,188,218,158,144,165,140,103,127,153,118,107,111,108,118,113,105,109,87,110,107,84,115,94,90,108,85,102,95,85,69,99,95,116,99,94,84,119,102,117,113,172,139,201,212	6769411	15317,6251,4374,3188,2571,2255,1945,1782,1600,1481,1322,1155,1048,1000,963,870,769,749,762,754,686,610,602,541,581,534,487,511,516,470,459,416,541,464,418,400,476,428,412,374,414,405,420,410,417,355,358,398,411,367,425,434,430,477,485,474,524,563,649,750,1100	33440495
12	2885,1214,876,659,493,467,402,317,331,321,253,238,213,222,193,210,159,188,189,153,135,129,162,91,132,145,100,101,104,107,90,137,83,103,73,97,87,93,77,110,87,125,78,109,93,91,81,67,88,110,111,78,77,117,114,116,111,151,115,166,211	6653861	15560,6301,4435,3162,2619,2256,1955,1625,1496,1332,1247,1045,965,1037,867,876,753,761,800,720,676,588,629,539,553,508,482,499,503,480,394,418,473,424,387,426,430,469,423,367,391,383,471,435,423,350,388,421,384,361,411,423,393,510,564,523,515,546,718,788,1043	33321366
13	2869,1301,861,754,547,504,424,343,337,315,264,268,247,225,211,190,161,189,206,144,159,137,154,91,139,150,104,106,89,118,136,136,89,99,86,108,83,94,103,99,89,125,80,101,106,98,86,98,100,114,74,117,90,135,123,112,121,159,136,190,240	6794810	15382,6260,4439,3147,2783,2277,1992,1769,1527,1363,1268,1081,1038,1007,919,895,824,811,777,708,688,614,588,585,588,522,477,527,474,460,434,430,486,425,452,374,456,401,402,333,407,411,457,451,430,361,416,423,384,371,399,482,419,493,498,555,598,590,662,772,1064	33623929
14	2938,1222,857,708,552,525,460,368,364,345,299,262,232,210,176,180,151,195,197,133,142,154,130,89,131,147,109,122,105,123,98,148,107,98,74,98,86,96,107,103,103,112,83,95,75,86,97,83,87,126,98,101,118,114,107,104,102,158,143,189,234	6871950	15719,6204,4463,3016,2663,2353,2044,1799,1563,1438,1217,1101,1091,1022,928,895,845,761,792,704,670,642,639,582,644,527,499,559,487,444,408,389,488,462,436,396,462,489,437,347,377,424,484,442,420,397,359,401,379,345,427,495,438,462,520,520,559,549,687,846,1138	33971116
15	3019,1271,845,724,503,502,392,346,362,314,246,242,242,231,195,183,147,202,199,149,141,140,138,98,117,181,102,104,101,117,122,120,95,96,87,109,101,107,89,114,89,114,96,114,103,79,82,108,91,109,99,77,102,125,130,109,120,171,151,186,252	6827357	15732,6269,4420,3255,2668,2235,1963,1764,1510,1426,1250,1016,1006,1020,922,917,839,735,751,703,711,606,577,580,579,522,474,473,477,473,444,425,475,451,448,410,421,451,429,404,393,426,429,470,455,393,380,408,405,397,438,447,410,481,505,492,542,596,668,759,1125	33622211
16	3075,1298,836,725,515,531,443,390,371,296,275,222,247,249,163,225,166,182,180,173,135,144,121,97,147,155,109,106,109,96,124,128,98,101,78,116,85,102,94,96,90,111,81,98,83,91,84,81,102,112,90,102,109,134,115,123,128,144,154,195,262	6839321	15772,6250,4458,3234,2694,2470,2091,1623,1493,1317,1235,1146,1114,1010,929,937,791,797,729,696,674,606,605,594,595,521,517,492,520,459,423,406,525,445,399,410,497,482,441,376,411,424,474,448,406,389,365,397,402,363,419,417,387,545,494,546,527,545,695,792,1100	33676301
17	2948,1191,863,736,522,509,435,326,367,301,235,274,233,221,162,153,185,180,178,150,158,122,133,94,136,171,103,113,111,151,131,113,75,86,88,107,110,110,102,101,106,122,83,109,106,79,100,75,107,94,102,107,114,117,135,111,125,152,138,159,233	6767369	15465,6281,4395,3130,2614,2263,1955,1712,1551,1396,1205,1111,1018,1012,899,916,832,750,764,677,711,588,564,530,570,498,539,551,494,454,435,393,477,501,419,386,450,423,407,361,362,423,464,392,413,381,406,395,413,361,389,464,433,485,493,506,506,564,723,846,1137	33412398
18	2966,1265,847,708,566,513,390,347,372,294,270,238,234,240,178,199,209,207,203,123,118,144,149,85,136,127,126,126,100,112,88,115,86,132,67,107,110,82,93,109,79,113,97,105,102,90,81,98,91,100,96,106,87,98,122,103,124,157,120,189,262	6775172	15659,6233,4399,3083,2626,2252,1967,1716,1514,1392,1225,1106,1066,1004,968,942,787,794,783,704,708,585,566,582,605,546,490,534,521,471,425,418,504,435,404,376,468,436,422,388,422,400,466,441,385,399,337,379,423,396,432,410,420,460,556,476,519,602,660,839,1060	33307178
19	2821,1334,881,744,507,562,421,362,349,318,266,241,256,259,195,196,149,183,206,152,149,161,146,109,124,154,114,112,94,112,112,135,101,103,83,132,102,81,105,97,98,112,101,98,76,91,98,102,106,109,115,111,95,107,107,107,100,165,147,183,211	6757931	15563,6452,4531,3253,2616,2231,2008,1663,1438,1444,1240,1034,994,1004,889,916,806,802,763,723,707,586,567,532,617,535,498,475,532,508,457,431,494,442,367,398,477,458,440,379,384,419,463,472,433,400,366,363,406,354,396,461,384,487,536,505,533,569,673,760,1096	33590028
20	2997,1330,923,731,495,509,444,320,369,328,253,240,231,208,196,189,170,193,191,154,160,129,124,106,135,166,124,118,114,122,126,135,95,113,86,115,96,112,71,83,77,124,77,104,83,90,77,97,96,87,111,117,79,116,116,99,112,174,143,186,240	6885412	15642,6030,4504,3196,2697,2266,1964,1792,1528,1364,1205,1083,992,981,843,858,836,756,746,711,739,606,624,558,573,543,501,483,533,492,402,406,512,435,433,396,447,398,383,366,400,431,433,417,404,366,374,400,366,386,398,421,411,483,569,531,509,572,668,838,1131	33358879
21	2947,1244,822,688,507,547,412,349,347,308,293,238,224,257,169,189,142,201,199,143,161,142,134,106,120,151,101,113,105,91,119,117,90,110,80,115,93,89,108,71,89,124,90,112,85,92,88,76,107,106,101,119,93,118,109,107,119,166,149,150,242	6833799	15524,6354,4530,3197,2728,2324,2000,1675,1544,1403,1289,1139,1045,992,903,867,804,788,812,695,726,574,575,570,674,535,511,505,498,470,462,408,474,475,412,432,473,429,429,366,408,433,460,409,433,366,367,383,413,399,415,413,454,454,535,484,518,593,638,784,1060	33643979
22	3105,1201,871,728,538,525,428,324,341,318,254,254,234,240,181,169,164,211,173,164,136,151,151,94,149,167,110,103,111,86,98,130,78,93,72,120,96,84,96,101,88,130,79,105,82,77,82,94,90,111,96,93,94,125,127,122,112,162,142,162,242	6812719	15421,6117,4321,3058,2611,2239,1945,1699,1461,1341,1216,1088,1011,1030,872,826,800,817,734,660,635,556,601,525,614,510,504,512,501,471,443,432,505,415,416,392,478,415,375,362,431,415,444,359,412,359,347,383,375,390,387,480,419,489,512,512,550,512,702,767,1031	33408586
23	2962,1246,882,712,512,521,403,367,360,340,294,256,215,225,200,203,145,154,179,147,158,174,125,99,139,170,97,110,99,90,110,140,96,94,64,131,100,115,78,109,86,110,105,86,93,95,88,86,94,94,108,109,82,120,110,106,131,159,128,171,192	6858632	15243,6270,4388,2956,2627,2312,1881,1806,1546,1347,1229,1066,1066,1000,908,979,785,783,772,688,680,602,590,554,594,563,541,496,512,443,440,455,487,438,450,426,454,457,412,377,369,410,486,421,421,377,351,385,403,386,397,440,394,475,485,483,509,531,668,739,1031	33417261
24	2941,1219,872,693,512,534,405,343,365,291,290,254,261,239,192,206,155,196,206,145,143,137,133,98,137,174,119,122,113,119,116,128,85,121,79,110,78,82,119,83,109,131,83,95,97,93,75,89,98,104,94,89,105,123,112,109,123,153,176,212,268	6854410	15437,6244,4473,3241,2640,2330,1936,1683,1387,1349,1283,1166,1041,953,931,904,837,789,743,677,687,597,646,552,601,478,478,513,493,473,448,418,493,417,427,399,467,421,351,377,381,453,430,443,407,395,394,423,374,348,446,453,430,499,518,545,530,617,719,752,1103	33599541
25	2891,1295,893,711,512,497,398,315,349,316,284,253,255,218,207,233,186,197,172,166,149,133,162,75,120,169,121,117,112,116,120,125,83,107,89,107,82,104,107,106,111,123,97,79,91,101,103,69,92,101,94,94,79,114,120,107,107,180,162,167,214	6775105	15597,6266,4397,3195,2644,2289,1962,1774,1502,1345,1260,1116,1102,933,889,876,884,760,765,747,633,595,582,571,569,553,513,527,493,496,443,427,516,479,412,419,491,408,351,360,418,427,461,416,409,339,382,399,434,410,428,411,415,473,498,486,531,580,660,730,1114	33681941
26	2968,1197,875,704,513,548,444,326,311,330,249,269,228,223,182,173,176,206,184,146,146,136,144,101,133,157,106,99,111,116,114,144,88,93,68,115,91,114,108,89,93,127,78,101,96,101,70,90,82,115,101,99,86,102,104,91,117,163,162,186,227	6853925	15670,6213,4502,3129,2653,2266,2010,1777,1598,1356,1256,1146,1057,987,871,904,836,808,732,676,695,560,618,552,620,555,487,527,509,490,456,393,436,453,389,375,513,447,415,358,394,455,449,448,396,375,387,369,392,382,392,507,432,533,484,495,510,563,651,779,1098	33634331
27	2974,1274,860,728,531,520,384,318,337,293,252,231,237,236,157,189,153,186,188,150,141,127,130,105,104,130,115,125,69,110,118,113,97,87,64,128,74,85,91,98,90,117,68,103,86,88,96,91,90,94,104,93,82,108,127,93,122,183,129,181,220	6764507	15438,6320,4340,3098,2598,2369,1954,1712,1484,1283,1324,1140,1063,991,920,881,846,766,752,696,676,597,639,570,550,563,502,489,504,468,424,428,455,391,394,355,424,427,432,366,405,406,402,401,422,384,360,380,396,405,429,471,390,433,472,529,522,545,656,770,1057	33471236
28	2910,1222,930,727,585,555,402,371,317,316,255,247,253,221,187,210,170,186,181,145,148,147,129,99,158,137,124,106,104,111,133,130,104,99,74,123,93,104,93,101,102,103,91,106,84,86,84,92,100,99,90,111,89,120,118,94,128,169,148,194,226	6783473	15728,6224,4635,3304,2737,2354,1937,1649,1490,1381,1235,1092,1124,971,841,938,800,769,796,696,727,605,630,554,612,517,475,527,542,450,440,373,495,474,459,405,451,443,408,373,403,414,414,445,419,369,412,436,391,374,424,468,424,491,550,506,525,638,734,846,1143	33783749
29	2945,1264,842,741,508,516,405,311,316,369,259,238,222,232,183,180,167,205,195,153,159,140,125,91,124,156,98,123,104,120,114,137,93,97,88,117,88,92,107,102,96,115,97,121,92,87,69,95,89,99,84,105,89,108,113,122,115,157,154,187,226	6867072	15373,6132,4388,3183,2589,2337,1907,1672,1477,1401,1236,1076,970,921,929,883,802,773,713,683,648,543,579,555,592,560,466,512,475,465,413,425,471,443,446,399,453,427,375,339,366,410,440,434,414,348,372,410,402,407,410,459,376,478,491,471,552,527,732,833,1134	33107600
30	3051,1235,891,708,490,513,426,372,313,313,249,277,255,257,191,193,173,181,195,166,153,142,144,109,120,151,90,119,106,107,100,135,89,106,87,103,103,90,83,103,90,116,84,87,97,85,90,110,91,102,78,98,108,106,110,109,106,176,139,171,215	6815566	15258,6151,4419,2994,2523,2383,1941,1675,1485,1423,1256,1059,1074,1038,898,890,826,759,735,727,673,583,606,575,586,548,518,528,491,447,422,375,469,452,401,444,445,448,412,357,370,410,433,441,416,359,330,393,433,353,414,495,415,478,457,485,503,548,707,744,1018	33177426
31	2966,1341,896,711,503,513,392,329,350,310,266,257,270,247,171,198,143,195,171,156,141,137,140,105,130,145,118,113,88,110,106,134,94,104,74,104,84,101,75,85,81,128,89,102,73,94,72,107,92,115,86,104,89,108,131,122,114,137,157,220,264	6836891	15757,6443,4472,3301,2700,2400,2088,1725,1536,1402,1273,1086,1112,971,920,904,823,776,711,720,637,633,614,513,588,553,496,541,498,454,440,388,506,463,395,391,466,460,420,382,392,409,435,436,462,341,363,390,399,322,422,435,403,468,487,508,596,568,651,785,1136	33843645
32	2904,1233,799,663,539,513,441,378,336,284,259,248,257,244,147,220,173,172,178,154,131,157,145,104,135,161,114,114,91,115,121,117,90,110,69,128,102,98,102,96,96,121,83,111,94,108,78,84,83,96,100,95,76,125,111,105,100,158,156,181,235	6741627	15315,6177,4335,3080,2542,2278,1907,1608,1535,1347,1294,1082,1011,996,902,923,795,740,736,714,661,586,585,554,593,523,534,494,502,460,439,414,476,450,420,391,443,444,384,343,379,411,429,406,434,333,383,358,395,380,407,450,439,433,508,472,519,569,674,784,1087	33215590
33	2954,1264,802,734,543,533,427,327,343,305,291,258,247,227,185,193,189,217,181,151,130,137,142,105,138,178,99,115,93,109,106,123,97,125,62,99,97,87,104,89,95,124,97,105,102,97,89,80,87,105,82,115,88,130,141,96,113,183,124,183,240	6837295	15895,6363,4604,3297,2615,2321,1997,1720,1542,1408,1261,1109,1079,1035,898,871,839,797,783,737,666,608,629,540,571,540,501,513,520,446,446,413,514,410,381,390,417,444,430,374,382,440,453,413,429,379,374,415,425,417,423,446,418,436,482,507,494,598,715,803,1110	33674156
34	3010,1225,865,741,566,525,388,354,347,322,259,265,229,231,209,159,169,175,190,140,131,154,122,102,136,145,121,126,97,109,110,131,92,113,65,121,85,85,92,90,100,122,74,117,93,72,83,91,85,113,91,105,101,104,102,122,135,173,149,152,225	6810336	15443,6264,4420,3233,2598,2463,2021,1757,1471,1401,1257,1150,1055,1029,958,899,759,780,742,689,664,570,605,561,598,535,498,467,473,504,447,400,467,467,414,427,430,427,410,379,381,409,468,426,435,359,390,393,400,364,421,440,363,488,530,500,548,591,715,750,1102	33609347
35	2931,1282,873,654,548,520,421,323,334,303,257,217,260,251,171,211,166,192,187,147,130,130,131,103,124,176,104,110,101,109,138,136,86,113,79,103,87,104,108,114,101,113,79,101,85,76,75,87,91,111,91,109,91,117,149,110,111,155,143,170,225	6718000	15497,6184,4484,3055,2531,2280,1929,1741,1562,1405,1251,1140,1101,943,902,871,866,790,754,704,666,641,568,530,539,513,496,471,462,449,433,404,448,410,406,391,444,434,379,363,445,358,426,431,440,368,380,399,369,352,412,447,431,495,538,484,506,563,720,770,1092	33369960
36	2952,1274,895,732,552,519,435,357,343,344,290,269,235,266,190,181,158,186,191,151,150,154,124,85,122,163,110,118,128,104,102,121,83,103,62,123,83,96,94,87,92,138,85,110,105,81,85,92,99,83,98,108,95,109,119,109,121,164,154,171,217	6828019	15702,6305,4462,3154,2685,2473,1980,1717,1480,1360,1268,1027,1031,1040,928,996,834,756,758,727,693,615,594,556,549,528,554,545,569,496,449,397,503,486,419,437,439,415,372,396,409,409,467,418,435,397,377,368,408,360,427,459,377,474,532,495,538,599,684,755,1137	33810541
37	2929,1245,862,680,514,528,383,332,351,359,304,241,248,260,177,207,161,197,196,137,131,144,122,94,132,186,87,109,96,99,101,116,103,105,79,121,87,95,98,108,91,132,81,112,99,85,87,80,103,105,87,103,106,112,101,94,127,165,145,187,215	6740029	15355,6085,4567,3157,2659,2291,1953,1683,1618,1345,1273,1062,1087,990,869,924,877,850,745,755,683,580,595,594,562,564,557,550,530,470,429,410,448,449,435,424,458,437,431,374,395,419,446,450,398,381,361,351,373,420,432,418,428,481,485,514,576,598,745,719,1087	33589357
38	2927,1219,858,717,543,500,370,319,306,294,227,217,252,211,185,195,171,191,160,155,158,145,148,105,152,164,87,130,89,99,103,99,92,101,67,125,78,100,108,94,87,108,91,90,110,96,78,84,83,96,97,105,88,116,117,101,120,163,149,187,237	6717080	15316,6212,4596,3192,2665,2368,1986,1685,1526,1425,1196,1105,1105,1009,871,905,765,761,707,652,665,611,574,577,610,543,492,498,488,448,477,419,487,439,402,387,455,435,407,377,356,386,407,397,425,366,402,426,433,399,425,412,446,461,504,511,594,599,735,799,1141	33450775
39	3055,1279,836,694,548,535,409,336,327,322,231,224,232,233,188,202,177,159,195,160,136,139,133,103,137,174,99,92,113,126,102,102,95,87,65,100,96,89,104,95,98,126,90,109,100,75,87,76,66,95,116,92,84,114,131,99,114,192,162,200,258	6818101	15683,6178,4622,3288,2637,2273,2044,1674,1542,1390,1192,1126,1009,976,899,854,837,809,698,677,673,574,568,559,627,568,525,503,484,499,444,420,458,429,426,408,444,460,401,389,432,420,423,381,405,340,344,359,387,394,414,443,409,498,510,499,545,588,725,723,1031	33613147
40	3034,1226,878,666,569,527,450,381,309,324,269,222,245,232,189,190,169,172,190,176,152,126,128,112,136,174,97,125,89,133,106,127,82,110,65,128,88,80,96,96,104,124,83,100,94,97,83,76,96,93,90,105,101,105,115,96,127,168,136,167,241	6776637	15557,6265,4476,3272,2589,2258,1981,1720,1586,1475,1298,1159,1103,976,898,878,836,827,803,732,686,590,594,548,616,568,511,531,477,488,444,426,512,431,427,390,444,437,381,354,424,404,507,432,420,328,359,358,389,397,421,456,400,486,480,464,511,561,709,810,1176	33768831
41	2919,1235,900,738,489,504,427,325,343,306,261,227,231,253,173,186,186,172,196,128,111,141,152,91,152,148,109,117,89,116,112,124,87,103,80,136,90,83,98,99,97,110,100,114,75,99,71,96,93,112,103,82,102,95,114,106,128,167,155,206,259	6765854	15548,6198,4424,3210,2643,2328,1925,1733,1496,1378,1278,1157,1062,954,887,868,805,770,763,724,697,642,605,535,587,503,484,483,455,494,400,404,486,450,411,401,440,425,399,379,368,399,418,420,438,349,362,395,373,392,403,475,403,461,543,484,532,581,665,802,1096	33381099
42	2912,1194,874,707,535,506,398,307,322,337,257,246,246,235,169,201,156,196,181,156,141,146,144,91,118,163,103,120,110,100,130,119,86,104,70,120,85,101,95,93,103,110,83,105,82,90,81,92,108,104,92,105,92,106,97,90,125,178,155,185,220	6789028	15694,6321,4458,3269,2569,2305,1977,1750,1435,1338,1250,1100,997,917,904,848,815,802,755,660,685,567,591,563,584,534,474,496,486,473,435,408,508,424,448,402,456,432,412,377,402,387,462,426,426,380,354,371,369,367,434,453,426,467,489,539,549,575,769,785,1151	33581264
43	2931,1218,844,660,532,520,446,320,369,289,263,265,204,234,174,217,156,215,181,154,150,141,119,90,146,168,119,115,92,120,119,101,92,109,85,129,87,93,97,77,101,114,77,95,83,92,102,92,96,100,105,74,103,122,127,95,112,171,134,190,232	6697332	15278,6151,4383,3170,2568,2329,1970,1717,1568,1398,1257,1061,1029,992,849,905,799,784,758,669,628,538,582,585,592,519,502,489,457,445,479,446,481,443,425,415,424,437,403,361,420,418,435,379,456,369,382,355,384,386,423,495,390,461,479,445,528,562,698,741,1076	33304677
44	3019,1273,908,694,561,513,411,330,377,338,277,228,269,247,204,203,157,183,190,154,140,121,125,113,150,163,101,107,99,97,95,102,100,121,60,113,98,111,102,92,82,126,93,98,89,96,86,104,89,124,90,90,111,113,121,123,119,151,164,180,226	6927650	15605,6209,4494,3237,2618,2429,2102,1807,1546,1316,1250,1087,1040,1003,895,889,827,777,766,741,690,600,675,588,573,572,481,496,512,480,441,460,479,415,408,437,470,430,411,373,407,412,480,430,428,345,363,385,397,366,390,495,373,483,513,502,526,572,714,799,1123	33660103
45	2991,1235,905,678,539,540,419,308,318,303,244,263,242,246,183,176,163,166,193,151,142,128,138,93,123,138,95,120,98,109,121,117,104,96,71,99,104,91,90,83,86,115,97,108,89,95,89,103,85,106,108,110,110,108,94,102,121,146,138,182,251	6825474	15585,6275,4497,3225,2689,2395,2064,1679,1556,1411,1234,1155,1129,1069,978,938,799,798,788,772,655,597,644,563,635,544,527,525,525,477,490,410,527,430,418,413,462,458,425,402,411,421,442,404,437,372,386,403,422,386,415,449,409,463,510,503,499,611,681,774,1098	34177212
46	3008,1287,849,716,546,487,378,338,323,324,279,250,204,248,217,199,157,204,201,149,146,134,132,98,149,165,98,78,99,125,115,127,77,95,64,101,75,111,94,90,107,137,100,94,88,103,77,89,70,102,88,93,94,99,100,109,131,161,135,178,227	6787023	15666,6221,4438,3129,2729,2326,2022,1688,1512,1376,1208,1073,1033,980,943,916,838,824,718,711,716,632,583,590,599,521,430,506,494,444,419,466,457,432,425,403,476,409,422,376,428,441,469,417,448,356,377,386,364,355,389,409,383,472,528,505,529,551,692,828,1124	33628923
47	2988,1295,864,677,547,531,421,317,326,330,233,229,260,230,227,191,154,199,197,157,139,141,138,98,118,171,102,129,97,115,123,141,97,106,86,100,83,98,115,90,105,124,90,102,94,88,95,77,80,94,103,104,78,100,126,104,107,171,139,203,266	6853321	15637,6203,4475,3219,2642,2313,1934,1669,1482,1289,1238,1117,1119,1006,870,912,794,816,773,733,731,591,628,576,660,581,531,507,460,504,407,448,463,435,458,429,479,451,441,392,423,405,413,426,394,377,375,425,413,439,384,427,403,440,520,477,538,585,677,814,1143	33741026
48	2993,1278,858,708,527,491,437,362,324,310,269,234,224,224,172,205,164,170,190,142,147,160,140,106,124,179,97,120,95,116,113,133,93,98,71,128,88,100,87,86,82,116,70,82,103,78,76,99,84,101,94,94,109,106,121,100,116,143,158,187,232	6821092	15591,6247,4373,3129,2580,2324,2051,1797,1559,1370,1178,1114,1060,1002,912,879,852,799,753,707,686,607,626,573,623,570,502,528,488,453,463,416,479,460,423,396,486,506,404,369,385,389,462,393,464,381,375,420,370,353,449,475,400,468,532,516,547,572,696,806,1080	33751635
49	2985,1336,888,706,498,477,390,334,345,307,235,271,255,214,196,183,167,183,187,136,131,131,136,101,135,177,112,109,114,91,113,112,95,101,78,120,96,83,97,95,99,121,87,80,75,84,92,101,77,104,96,93,93,96,117,100,105,152,158,169,228	6736070	15565,6230,4361,3136,2646,2359,1985,1733,1487,1344,1274,1072,1048,1011,865,921,844,779,733,731,680,650,687,588,569,537,474,520,479,476,424,423,473,412,435,459,487,428,361,368,411,440,477,429,434,373,385,353,407,407,400,425,420,484,516,490,544,614,659,760,1134	33393862
50	2971,1281,830,745,546,516,390,336,302,317,247,220,239,234,176,185,149,206,204,144,159,127,117,91,134,139,110,106,88,123,104,112,91,98,87,118,84,75,91,92,90,117,83,116,81,93,70,92,99,115,100,92,103,119,137,101,112,159,155,174,215	6739134	15758,6234,4489,3104,2648,2315,1988,1791,1493,1349,1286,1075,1031,983,885,897,850,770,756,702,740,575,608,539,575,583,488,504,514,493,438,443,509,461,390,465,476,434,417,359,399,392,435,414,394,351,365,393,399,363,435,433,441,503,542,482,540,579,734,786,1098	33570771
51	3004,1225,836,711,532,495,369,360,332,311,257,271,239,225,203,190,172,214,172,157,150,144,139,119,134,168,98,113,86,108,102,121,91,107,87,95,88,98,100,92,116,119,93,111,91,93,87,96,104,112,97,95,83,114,135,125,131,169,140,160,228	6785214	15551,6082,4474,3130,2619,2235,1951,1703,1567,1347,1280,1146,1037,944,912,877,833,770,754,733,712,601,636,569,566,544,460,513,483,483,428,416,452,427,387,473,480,449,473,376,403,421,441,439,380,364,329,372,362,373,411,439,398,527,549,483,518,613,671,766,1092	33429278
52	3000,1265,815,701,495,499,409,346,333,347,267,234,256,225,170,182,165,216,188,156,122,155,149,104,117,164,118,123,102,104,114,125,95,128,66,104,96,114,89,73,100,114,89,109,95,73,92,86,91,110,88,111,95,115,123,106,99,141,129,199,229	6803650	15704,6121,4402,3263,2702,2335,1994,1717,1473,1426,1282,1088,1118,1001,941,901,794,780,743,707,647,572,606,561,603,500,473,519,506,501,431,408,512,447,451,362,427,467,476,377,410,426,438,405,402,381,381,392,419,376,448,420,470,475,545,450,537,556,688,805,1122	33419594
53	2966,1263,882,724,546,571,406,321,322,308,249,241,214,209,191,197,169,192,185,140,143,148,158,88,142,167,88,120,122,99,109,144,80,96,67,113,92,92,114,81,100,111,83,88,96,91,91,94,86,103,92,97,97,121,105,101,110,161,153,164,245	6704200	15402,6324,4535,3166,2654,2317,1987,1726,1463,1340,1181,1146,1073,968,927,861,795,742,763,706,700,586,607,552,587,541,476,482,500,429,487,435,467,435,469,404,469,466,434,330,402,438,400,414,419,374,354,365,451,371,362,423,400,436,487,482,535,529,700,717,1032	33272371
54	2969,1243,864,673,498,465,425,330,319,284,274,223,272,247,179,200,154,170,195,173,126,139,126,85,118,173,116,99,109,93,91,121,103,110,74,121,93,99,81,98,85,99,81,105,90,82,90,93,102,85,106,91,94,92,116,93,127,161,184,166,255	6710770	15616,6348,4394,3058,2599,2363,2055,1684,1467,1310,1225,1047,1014,1017,913,903,823,729,695,669,671,613,637,568,603,569,543,477,496,460,402,425,506,423,430,418,431,372,421,384,390,413,449,433,385,377,388,375,378,379,347,444,359,470,507,503,490,581,687,738,1133	33261490
55	3007,1211,824,707,538,481,375,319,352,324,241,249,241,229,199,188,177,162,146,158,140,155,147,95,132,154,109,91,116,108,118,120,95,99,47,113,81,89,89,95,85,111,99,96,95,80,86,92,98,89,86,100,83,133,107,111,108,180,128,170,218	6738781	15574,6275,4466,3219,2597,2252,1984,1746,1549,1353,1330,1061,1081,971,864,929,845,801,713,656,679,591,608,542,605,523,495,530,486,465,486,420,494,417,421,413,466,409,421,364,404,433,421,428,394,369,361,409,409,398,446,455,425,466,520,556,545,641,712,823,1071	33801775
56	2913,1280,880,656,520,513,425,317,338,297,252,226,252,229,176,207,170,192,170,136,147,129,114,115,112,159,94,108,88,121,106,125,82,115,82,90,83,83,110,78,87,99,90,113,82,71,82,116,74,101,95,89,89,117,95,102,124,146,152,192,215	6779710	15666,6242,4445,3146,2705,2229,1990,1778,1522,1398,1290,1110,1072,1045,920,846,834,804,772,773,658,589,613,572,560,553,551,499,467,444,415,420,513,397,444,428,496,407,403,388,386,448,462,427,417,418,363,420,395,366,418,463,469,512,533,500,538,557,731,821,1092	33624067
57	2992,1330,861,733,545,571,402,333,340,322,261,228,245,232,194,196,175,181,207,138,147,137,134,99,136,160,117,127,103,133,86,150,84,104,79,96,103,93,81,101,105,119,88,118,93,86,103,79,76,88,87,100,98,124,136,100,131,149,151,216,228	6779079	15296,6183,4457,3114,2547,2242,1982,1774,1487,1424,1222,1104,979,981,953,848,834,801,710,717,688,624,593,542,585,511,486,532,508,474,478,417,489,446,420,403,484,450,393,342,382,418,439,407,412,402,358,355,391,342,356,471,411,488,500,504,553,609,676,850,1080	33263871
58	3043,1350,847,670,508,479,416,334,366,320,264,229,243,237,190,200,167,193,186,162,158,151,141,126,132,168,105,94,113,109,95,136,95,108,82,118,85,89,90,100,82,102,86,106,101,88,78,90,80,112,104,99,83,117,124,108,124,187,158,158,255	6808767	15572,6137,4382,3148,2597,2277,1937,1677,1557,1316,1182,1138,1067,1000,961,915,778,799,687,669,687,527,562,527,595,518,485,484,532,483,438,425,493,453,397,416,436,467,403,393,413,422,460,390,449,386,359,413,396,390,377,445,402,503,475,561,533,568,636,775,1116	33192859
59	2940,1261,898,701,510,514,418,304,335,336,265,253,232,226,200,199,174,193,160,127,143,152,130,102,133,191,99,110,94,135,128,142,90,103,72,106,78,84,91,95,108,111,107,98,92,84,77,101,80,94,81,107,97,117,104,104,130,170,167,185,235	6823064	15624,6108,4452,3122,2628,2247,2033,1784,1544,1382,1280,1072,1058,993,932,919,766,807,804,699,713,599,633,575,588,489,500,515,513,517,479,409,487,445,410,419,498,443,430,396,359,417,448,414,419,369,356,356,374,406,426,441,406,472,512,441,558,601,731,758,1041	33867045
60	2991,1328,885,682,529,527,389,306,328,294,264,271,259,233,190,185,194,210,178,137,140,164,143,92,115,179,115,106,98,98,119,107,92,91,76,128,89,85,92,104,95,117,73,104,105,68,93,103,94,106,87,94,104,121,125,91,138,159,151,183,233	6743465	15189,6163,4565,3193,2583,2327,2000,1710,1512,1330,1237,1147,978,936,886,930,819,784,780,732,682,590,617,516,601,516,498,488,469,486,423,415,479,464,453,371,437,428,388,377,410,426,437,412,433,359,374,361,368,400,423,455,440,481,513,527,529,597,708,821,1008	33376574
61	2866,1300,860,756,527,538,411,295,341,339,256,248,251,236,188,183,192,189,193,143,112,151,135,95,150,168,111,112,84,118,132,112,91,126,71,115,103,104,95,112,83,123,72,105,111,92,82,98,85,103,80,116,99,113,114,92,130,185,148,175,235	6825180	15643,6229,4425,3156,2669,2393,2033,1758,1508,1438,1202,1060,1044,998,892,919,795,756,767,717,705,584,619,580,646,553,513,574,480,479,414,388,452,429,412,397,447,449,377,358,401,413,440,429,415,412,406,399,391,380,393,456,415,471,509,501,516,549,657,772,1153	33493149
62	2809,1220,889,709,523,522,396,355,371,288,283,256,253,207,211,185,193,206,204,167,161,137,139,85,126,158,94,128,97,116,133,145,88,90,75,107,85,106,108,97,100,129,97,102,105,79,93,103,89,128,105,98,87,136,129,139,112,156,135,173,215	6835804	15314,6140,4420,3130,2581,2253,1989,1775,1518,1424,1184,1078,1140,1020,864,943,817,758,697,681,688,654,631,567,630,575,546,523,497,473,450,443,496,468,433,392,468,435,454,353,430,410,403,432,439,416,353,369,416,360,404,420,416,494,505,498,587,517,705,810,1026	33502362
63	3026,1259,882,730,523,514,408,346,298,328,251,270,249,209,179,194,188,204,199,177,147,113,109,98,139,164,97,105,101,97,96,145,91,96,72,125,81,91,93,82,92,133,97,100,90,94,92,99,74,105,99,104,96,120,126,110,127,153,151,207,263	6862089	15820,6408,4581,3184,2621,2308,1997,1695,1549,1382,1226,1087,1053,987,971,944,841,784,783,726,694,580,585,567,606,525,512,490,467,510,458,417,461,402,445,426,451,463,473,382,403,420,505,446,434,363,392,382,394,381,416,393,405,437,497,516,538,573,753,790,1140	33800090
64	2920,1319,942,694,536,513,406,343,353,302,242,235,242,224,186,212,161,207,175,149,158,165,133,97,145,175,127,127,119,108,114,120,93,93,91,102,90,82,101,107,76,107,82,97,108,91,97,83,93,113,95,79,92,121,107,101,142,171,157,163,241	6803270	15481,6152,4459,3114,2457,2343,1939,1685,1487,1415,1230,1103,1057,975,851,891,821,734,754,763,665,643,640,589,587,538,505,526,500,455,460,415,488,466,439,382,474,471,404,386,379,443,477,437,418,415,345,412,368,343,403,409,408,451,508,483,546,522,697,781,1118	33408222
65	2931,1286,913,695,537,513,403,343,336,326,265,262,257,219,203,184,153,190,205,145,158,151,136,98,142,178,111,107,89,117,128,130,97,96,83,117,90,110,99,94,92,120,99,111,93,87,93,77,80,101,98,100,68,125,113,113,125,177,171,203,242	6827710	15597,6259,4267,3166,2577,2288,1963,1795,1476,1321,1249,1003,1014,923,881,860,810,785,747,680,701,614,601,586,566,509,443,498,511,457,431,434,486,418,400,380,458,436,426,387,403,418,428,388,433,351,400,387,381,381,401,442,410,501,474,484,517,564,695,778,1052	33438457
66	3053,1288,904,745,509,558,414,333,332,338,248,239,257,210,185,215,160,198,178,143,148,137,144,118,140,177,95,103,99,110,113,128,83,104,63,119,86,90,88,65,87,112,73,120,96,80,85,79,87,117,103,99,87,88,122,112,113,174,148,164,291	6816050	15851,6310,4545,3205,2650,2367,2072,1841,1587,1333,1210,1122,1060,990,958,905,819,811,739,683,727,617,617,586,614,530,554,523,453,485,441,442,489,462,442,393,422,422,403,385,367,399,410,404,389,374,369,399,409,382,479,482,435,518,582,502,502,552,678,817,1119	33909576
67	2939,1224,886,697,497,516,379,345,375,335,264,274,239,249,170,196,162,165,187,146,150,129,131,95,130,148,128,137,95,94,122,140,104,106,86,120,91,92,106,81,114,110,83,110,101,90,84,91,101,97,94,100,82,135,103,109,127,173,147,181,235	6877969	15701,6241,4335,3187,2656,2253,2028,1726,1510,1306,1173,1092,1123,1005,937,854,816,752,768,708,715,601,656,581,640,573,472,544,493,436,448,410,512,406,426,417,430,471,410,375,395,401,429,423,383,444,379,384,409,346,433,477,428,473,503,512,575,565,721,768,1128	33602041
68	2982,1324,852,709,563,542,458,373,347,324,271,232,261,241,184,202,166,193,221,162,140,120,143,102,110,152,99,118,97,117,103,116,100,99,74,118,94,96,96,77,85,121,105,107,103,102,92,85,86,94,103,111,76,120,132,119,97,163,166,167,212	6828719	15651,6337,4401,3183,2717,2379,2030,1682,1498,1383,1329,1094,989,950,897,870,821,789,744,710,644,624,627,569,600,492,461,533,507,484,476,420,501,416,405,389,429,411,413,392,455,413,436,425,407,375,386,371,399,390,437,435,391,463,492,550,533,551,644,792,1221	33737898
69	2825,1282,860,725,519,515,386,308,342,305,254,246,238,229,175,195,172,183,207,174,149,137,161,81,142,156,114,116,99,114,138,140,116,106,88,118,109,119,98,100,99,100,79,102,81,86,83,102,91,99,87,100,87,118,123,101,102,181,151,198,235	6797149	15360,6155,4453,3047,2603,2313,1920,1709,1511,1339,1309,1127,1038,958,900,885,795,763,705,758,675,614,624,552,615,528,474,531,498,462,398,418,502,413,429,428,447,438,424,381,415,422,425,417,384,374,367,399,405,385,358,436,426,508,525,486,530,620,742,783,1128	33475594
70	2884,1261,823,714,506,511,435,318,314,360,268,237,279,229,204,178,160,159,195,157,133,120,130,124,120,151,105,102,89,106,136,117,80,91,81,116,89,100,93,99,97,113,75,90,103,88,90,89,96,103,110,120,91,123,99,112,124,143,151,199,215	6844672	15818,6294,4531,3186,2649,2352,1964,1721,1495,1356,1290,1094,1074,989,913,906,812,760,701,718,711,619,585,577,573,511,456,513,510,475,416,460,479,440,410,444,452,426,446,381,429,406,453,374,397,353,384,401,395,396,410,478,431,513,510,488,509,536,657,818,1148	33565093
71	2970,1306,937,706,478,579,425,341,384,343,257,254,282,251,185,172,173,221,207,165,147,153,133,108,120,167,100,111,103,108,114,135,79,105,93,118,102,89,92,96,95,124,94,108,97,92,88,78,87,105,98,104,94,118,116,97,134,158,150,187,253	6892956	15530,6280,4478,3219,2562,2337,2042,1750,1526,1344,1267,1074,1047,912,903,939,861,800,795,722,668,635,623,529,572,524,511,501,481,454,403,393,492,416,418,417,432,441,375,358,404,418,476,407,418,378,361,422,389,386,445,456,414,500,570,451,529,558,718,765,1120	33801396
72	2856,1298,819,710,512,485,395,318,336,287,249,212,246,238,172,189,156,185,173,159,166,156,126,96,137,126,109,112,104,98,126,135,92,99,72,115,93,106,92,85,94,108,90,109,88,86,83,89,91,99,100,102,91,118,119,76,128,127,144,172,219	6701994	15351,6250,4340,3114,2680,2233,1915,1699,1559,1359,1242,1166,1042,963,956,867,818,799,797,674,656,564,605,523,577,531,482,542,529,497,449,400,484,462,464,399,438,442,400,365,418,414,432,422,405,351,346,421,398,349,393,421,419,449,502,485,522,529,662,760,1093	33449312
73	3003,1263,887,680,568,522,429,356,368,313,266,261,243,283,212,198,177,151,220,172,140,123,136,99,135,163,119,104,92,114,131,126,95,109,67,97,81,87,109,97,99,135,81,108,100,91,90,88,91,96,103,114,86,113,115,97,123,152,155,201,233	6845778	15726,6173,4437,3106,2635,2285,2018,1608,1511,1463,1276,1016,1051,1014,916,880,832,710,762,694,656,603,606,514,546,531,515,541,506,484,430,434,489,462,380,355,437,439,433,398,403,421,452,429,425,405,370,389,397,401,416,421,394,431,518,463,524,602,710,754,1002	33593831
74	2983,1295,893,709,516,543,429,341,354,320,265,258,244,221,207,217,146,197,189,145,138,128,135,111,129,168,114,122,91,104,112,124,89,110,84,110,89,101,91,119,97,111,83,109,85,81,107,74,94,111,90,105,88,98,119,110,111,162,134,164,239	6885588	15594,6183,4502,2992,2611,2352,2053,1689,1471,1339,1172,1121,1087,981,903,890,821,844,736,669,723,579,620,553,584,495,473,521,507,507,451,428,518,433,388,410,454,437,429,359,378,424,416,391,461,387,369,340,370,376,396,451,391,474,505,499,534,596,687,827,1082	33511847
75	2875,1230,878,647,541,530,407,337,329,325,279,283,247,240,206,204,179,202,188,164,133,133,141,89,115,144,132,101,111,86,117,132,95,95,86,117,97,90,99,85,85,115,92,90,84,92,103,99,90,109,90,90,83,107,126,112,118,168,153,148,243	6795081	15691,6191,4457,3147,2673,2377,2040,1703,1475,1425,1251,1083,1143,1024,885,891,808,764,698,751,689,636,624,517,576,523,495,533,457,459,422,421,474,478,402,401,460,462,400,398,422,438,430,404,386,363,396,356,412,357,436,436,398,550,532,528,587,591,601,808,1080	33670713
76	2840,1266,905,709,500,500,415,364,340,261,283,267,253,232,193,218,191,192,183,137,113,165,140,115,114,161,83,120,99,101,120,100,94,96,89,121,96,97,92,109,93,109,80,89,78,92,89,77,96,105,85,113,87,105,101,110,133,148,149,188,211	6713349	15406,6207,4425,3094,2622,2279,1996,1715,1443,1352,1236,1060,1038,956,883,846,814,776,690,745,709,576,626,568,549,504,528,491,475,492,464,414,488,434,428,423,451,449,439,368,400,440,431,426,383,383,369,388,364,372,433,467,403,497,584,521,493,561,633,776,1040	33311749
77	2961,1248,871,722,536,530,391,336,340,337,284,250,258,206,212,202,177,171,175,134,134,154,137,79,137,159,113,119,85,127,133,121,100,93,63,96,106,101,90,93,93,99,79,112,83,106,91,92,82,110,79,79,97,111,113,126,116,166,136,177,234	6750786	15442,6239,4434,3110,2594,2209,1985,1739,1473,1323,1302,1123,1062,924,826,882,767,754,709,707,679,597,608,540,560,514,488,490,460,447,434,373,471,406,431,401,449,453,421,390,424,377,452,427,403,370,361,392,386,410,437,425,383,524,502,518,486,564,707,828,1098	33240639
78	3077,1278,878,740,517,498,406,364,300,321,273,255,243,244,200,196,167,173,185,162,135,153,124,93,141,165,119,97,107,91,113,132,93,84,76,129,93,94,102,85,94,113,86,114,100,99,81,95,82,114,118,102,87,117,93,120,102,156,152,187,237	6758402	15725,6195,4497,3252,2670,2272,1960,1678,1486,1359,1262,1102,1037,1047,963,882,882,791,840,680,710,625,606,582,611,555,496,464,520,451,467,423,447,438,405,405,454,454,429,382,391,398,410,478,456,365,399,408,427,400,397,452,453,500,498,518,533,583,686,819,1096	33583647
79	2939,1242,851,686,590,532,398,340,345,312,259,275,253,247,203,198,175,193,177,160,153,164,179,99,150,181,98,107,86,92,96,108,95,107,92,123,85,88,96,96,92,113,80,109,93,105,94,87,87,117,109,108,71,108,130,108,136,168,158,165,269	6737116	15638,6181,4437,3077,2678,2294,1883,1712,1523,1380,1294,1137,1060,1016,879,954,862,798,751,747,691,599,621,547,605,548,526,523,493,501,444,413,518,451,414,409,439,444,471,357,371,426,412,436,407,322,382,403,404,355,407,443,382,474,517,517,577,547,661,780,1114	33521597
80	2926,1300,841,727,498,543,430,346,340,329,279,248,266,238,189,195,154,188,189,151,130,147,130,94,147,159,90,115,107,121,146,122,90,112,74,119,83,88,99,92,92,121,98,108,102,84,92,84,91,104,97,107,109,118,136,95,112,149,157,180,212	6740329	15655,6210,4437,3151,2634,2337,1947,1755,1541,1378,1244,1131,987,985,876,832,813,779,761,666,700,603,577,546,597,563,480,498,478,507,432,459,510,470,390,417,413,417,398,348,392,396,442,394,388,416,380,421,418,351,406,463,388,478,542,471,513,566,638,786,1073	33535708
81	2926,1195,919,691,531,505,406,333,364,325,270,233,249,220,185,185,181,159,190,144,153,150,133,91,134,153,111,120,96,120,108,121,99,106,78,116,101,86,104,94,90,142,90,106,79,90,87,95,75,107,87,88,97,125,124,125,119,174,131,206,247	6794558	15330,6090,4471,3193,2601,2330,2035,1667,1492,1377,1251,1185,1058,980,893,891,841,742,764,755,731,612,638,609,577,548,509,539,516,499,447,398,503,477,387,424,465,424,410,377,388,414,482,447,434,378,328,404,401,358,368,436,430,465,495,454,507,542,668,799,1066	33505395
82	2918,1326,883,748,541,475,404,318,362,326,243,228,236,208,192,184,164,203,194,153,126,138,140,104,130,165,116,128,97,91,106,132,95,106,76,115,82,93,118,79,113,94,86,103,87,90,83,90,87,77,86,112,94,129,117,106,111,168,160,172,238	6842362	15751,6232,4551,3150,2661,2386,2041,1790,1586,1403,1261,1104,1000,1038,958,868,823,724,788,717,687,638,592,565,604,549,551,523,535,492,454,405,504,427,425,377,441,414,428,369,406,440,443,405,433,360,358,402,387,414,445,451,421,475,479,506,542,563,685,755,1128	34029304
83	2830,1196,930,744,502,501,412,330,360,325,243,246,226,217,172,190,188,183,192,144,130,162,142,100,150,141,89,122,89,122,109,110,98,84,77,121,94,90,98,77,106,127,89,94,94,85,92,86,85,91,67,92,104,124,106,117,104,184,142,164,220	6772183	15453,6263,4570,3090,2691,2264,2022,1702,1482,1284,1298,1145,989,984,909,874,855,789,779,747,700,615,589,580,567,522,491,489,536,458,443,420,464,449,416,398,489,413,427,345,453,429,478,434,422,342,338,427,368,350,390,403,430,466,458,446,534,562,621,808,990	33502511
84	2951,1289,855,746,506,505,409,357,339,319,290,267,224,231,196,199,145,185,187,159,157,152,140,92,111,148,107,112,100,103,100,135,91,101,80,115,90,103,119,93,90,129,83,100,91,88,77,76,101,104,86,95,98,103,129,109,105,189,158,173,239	6862924	15553,6081,4391,3083,2537,2268,2060,1637,1478,1355,1305,1105,953,1014,895,838,754,777,808,672,700,626,603,536,550,550,483,539,478,421,444,437,496,445,416,397,434,426,400,388,396,404,442,418,378,356,330,393,388,361,376,426,389,495,534,513,533,566,643,798,1089	33282635
85	3003,1285,888,712,544,523,424,325,359,334,263,268,248,214,171,165,180,190,181,153,157,152,138,107,135,162,126,109,112,123,95,126,92,116,82,94,91,94,91,83,89,130,114,106,100,92,109,104,91,107,93,101,97,125,126,115,134,161,135,165,233	6842396	15667,6273,4458,3208,2641,2283,2058,1693,1547,1414,1288,1049,1038,989,936,864,846,768,725,715,674,597,703,573,584,571,505,484,537,479,462,419,487,412,435,441,439,447,413,346,371,451,418,404,425,404,398,427,361,417,422,488,404,486,521,525,553,567,704,781,1116	33719277
86	3021,1216,848,728,518,467,395,318,333,282,272,253,258,252,168,202,200,185,200,152,138,115,126,94,143,156,116,105,93,126,115,125,92,98,59,102,96,100,90,117,93,117,90,97,85,79,87,88,76,108,80,80,85,125,112,115,126,153,158,167,223	6736003	15776,6058,4478,3239,2713,2259,2018,1674,1509,1350,1182,1171,1050,965,925,914,781,737,741,671,705,610,643,532,598,535,519,499,489,440,465,392,502,464,433,401,463,388,396,409,414,416,399,411,380,417,378,383,412,408,401,496,424,464,564,460,521,575,626,784,1160	33746668
87	2981,1325,914,688,516,525,427,347,346,296,244,264,236,228,186,186,182,201,213,165,123,142,132,105,103,177,90,127,87,111,115,114,98,121,79,114,84,93,87,97,86,129,99,106,81,100,93,83,89,96,81,90,91,120,107,83,128,175,155,179,258	6870889	15597,6198,4247,3079,2727,2264,2052,1719,1416,1318,1243,1142,1020,1002,893,894,874,766,768,706,716,631,594,554,586,519,480,500,471,479,409,398,436,448,443,401,449,422,394,377,473,407,443,429,423,341,375,427,403,385,427,431,401,463,504,456,479,565,655,718,1155	33456575
88	2880,1310,894,701,509,509,396,358,363,296,256,247,217,241,192,197,179,177,183,139,140,143,132,101,129,176,100,94,88,121,88,124,87,102,64,114,95,102,101,99,99,153,76,97,104,81,100,98,96,101,83,107,82,108,108,98,121,158,145,169,218	6809510	15145,6292,4486,3102,2727,2339,1995,1747,1437,1458,1247,1134,989,1051,948,861,819,810,743,746,674,635,576,541,625,547,524,529,508,473,416,400,472,452,459,458,475,454,436,377,434,387,403,430,432,366,367,396,373,365,419,457,383,457,481,460,490,511,719,723,1111	33561331
89	2825,1277,846,747,488,526,430,337,330,334,274,237,266,226,185,196,166,179,172,158,153,147,147,94,124,152,116,118,117,116,114,133,84,104,76,102,84,106,117,95,91,129,87,100,78,79,92,94,106,98,84,97,109,129,125,113,98,152,129,195,220	6824988	15747,6276,4445,3197,2633,2271,2000,1674,1451,1386,1276,1099,1010,953,892,902,798,763,700,729,680,646,641,575,625,514,502,546,467,488,415,416,490,415,378,411,484,419,398,378,387,437,440,421,420,362,361,365,355,386,413,456,439,447,518,559,551,564,646,776,1030	33778812
90	3029,1338,829,677,564,528,422,349,342,337,252,243,230,250,188,198,166,167,211,138,132,145,127,78,110,163,91,106,113,105,107,132,87,116,62,104,106,95,90,89,98,122,84,92,111,90,74,102,85,98,89,112,89,92,100,119,116,145,142,194,233	6795876	15566,6098,4375,3104,2643,2268,2060,1759,1435,1363,1226,1149,1033,977,879,850,821,751,785,711,722,617,612,593,614,518,476,463,497,458,490,415,433,429,427,422,427,417,432,373,408,409,410,427,421,389,331,434,409,381,376,443,419,466,495,525,526,599,649,799,1006	33581130
91	2921,1219,861,715,563,509,404,296,353,290,242,253,238,236,176,209,182,182,202,174,125,156,132,94,150,135,99,107,123,141,103,133,93,137,78,105,90,106,96,86,91,113,97,91,90,93,72,105,80,108,103,103,85,90,96,120,127,182,151,184,244	6748673	15729,6259,4436,3125,2704,2313,1980,1716,1507,1329,1281,1102,1085,977,940,875,853,707,782,677,702,611,652,579,631,557,493,522,497,501,457,420,501,403,420,454,460,475,408,351,403,387,474,356,407,356,346,412,403,407,467,473,392,452,517,524,555,515,656,840,1202	33761148
92	2948,1315,883,773,539,526,406,324,374,331,256,255,249,236,186,193,170,192,178,141,154,142,148,101,143,176,121,120,111,123,115,119,82,101,61,121,96,101,94,102,94,113,97,113,83,104,98,93,82,100,101,93,94,105,128,118,106,161,144,178,242	6904515	15427,6207,4346,3188,2714,2337,1969,1679,1513,1321,1259,1059,1097,973,887,928,762,798,741,683,650,597,618,546,577,530,527,480,489,491,443,398,490,461,416,389,452,422,397,324,392,418,431,404,432,362,363,428,397,379,392,406,379,443,499,495,576,578,683,808,1078	33517774
93	2927,1232,877,733,537,525,396,328,340,332,265,263,250,264,184,211,176,201,200,147,134,149,134,98,122,155,119,121,95,139,104,106,75,102,66,100,83,100,96,110,88,117,92,117,99,81,87,89,72,108,109,103,100,135,119,108,107,152,146,192,224	6815333	15535,6253,4427,3230,2671,2401,2072,1685,1454,1428,1246,1124,1027,963,871,847,890,775,737,731,695,636,620,583,551,485,485,496,491,509,466,408,479,446,422,379,417,436,454,337,391,434,397,397,398,377,386,392,375,354,398,420,419,484,516,512,540,585,638,722,1188	33602038
94	2990,1249,870,669,509,551,428,331,371,327,271,255,222,226,178,212,190,187,185,157,158,171,131,99,145,154,129,106,100,107,117,126,94,101,85,119,86,98,100,89,91,114,77,85,87,73,85,92,94,101,104,110,91,120,117,94,101,147,146,185,249	6868868	15765,6369,4659,3181,2743,2336,2084,1746,1515,1404,1308,1092,1084,957,934,894,883,811,726,671,688,534,645,618,623,568,489,449,460,501,406,437,518,470,410,453,486,444,409,400,411,401,459,459,433,432,403,440,387,375,433,471,425,503,517,506,554,545,685,807,1074	33777777
95	2930,1176,870,671,539,513,424,378,349,328,261,234,253,220,162,172,177,186,183,151,132,148,128,99,113,137,124,112,121,133,149,113,103,108,76,109,89,110,95,88,92,123,86,89,92,95,100,80,99,101,99,117,102,132,108,93,107,175,151,160,229	6808639	15346,6205,4421,3101,2589,2400,2012,1715,1510,1425,1189,1145,1013,922,902,848,776,737,745,704,683,568,629,567,607,541,479,479,510,499,464,434,515,396,421,373,453,431,418,366,365,371,439,412,394,375,358,397,413,401,424,412,392,453,543,541,507,610,659,802,1018	33414981
96	3027,1210,899,673,509,543,389,341,344,299,251,237,243,228,205,206,170,188,181,177,133,138,139,91,145,136,98,105,98,119,95,133,80,90,66,105,93,112,93,91,103,100,87,111,104,93,91,114,102,108,124,112,94,111,104,112,96,141,159,182,224	6815594	15444,6356,4501,3245,2617,2251,1973,1655,1388,1386,1263,1118,1033,1024,876,914,786,755,726,718,678,605,548,569,564,573,523,480,503,510,407,440,529,416,383,411,456,437,395,363,389,400,430,409,430,429,367,399,392,405,434,498,450,451,526,496,477,581,674,736,1164	33354904
97	3009,1244,886,665,533,505,401,323,333,299,253,256,240,235,203,203,181,219,189,151,142,151,123,107,125,172,120,111,98,102,101,129,95,103,71,99,82,94,109,88,98,102,79,104,110,91,84,81,81,98,93,100,91,119,109,93,112,138,140,173,252	6803713	15717,6177,4393,3199,2632,2312,2057,1748,1488,1324,1254,1093,1082,980,917,886,798,781,843,712,703,577,603,579,617,529,468,488,508,469,433,411,467,420,423,431,445,437,401,386,413,419,414,430,425,353,348,394,411,380,367,457,437,460,546,521,581,611,713,795,1113	33405268
98	2939,1182,850,707,492,464,405,327,315,291,247,247,274,214,197,212,152,201,184,169,136,144,131,111,120,149,109,102,109,126,117,126,93,85,84,126,82,101,95,84,96,103,105,82,76,93,98,69,85,97,105,93,88,134,115,94,124,174,138,161,239	6690667	15537,6267,4503,3125,2781,2307,1958,1729,1560,1372,1244,1091,1036,943,945,867,823,786,761,715,706,597,633,559,587,489,492,516,515,512,434,384,493,462,433,376,473,466,411,340,377,415,514,400,403,366,381,367,416,380,465,431,411,515,539,494,500,589,630,802,1074	33642149
99	2885,1223,856,703,561,518,438,347,352,309,254,246,228,272,199,213,151,191,160,130,164,117,137,105,126,156,108,121,100,148,125,111,101,122,79,113,109,87,94,110,103,100,95,81,65,79,104,81,82,106,102,75,83,146,125,118,132,164,154,186,267	6781286	15339,6296,4415,3111,2571,2291,1996,1705,1442,1347,1271,1140,1020,930,847,948,776,743,740,710,676,607,622,546,632,558,516,563,520,499,480,451,478,479,395,393,473,447,415,344,413,416,429,360,392,354,412,396,422,374,365,403,408,504,491,482,536,578,634,768,1113	33546846
100	2908,1293,856,667,535,531,413,334,356,308,237,236,246,222,159,190,198,177,196,149,154,153,135,108,128,134,128,113,96,109,121,131,97,118,68,130,110,99,89,112,94,113,89,93,107,92,79,81,89,111,103,90,91,114,122,114,109,168,133,184,202	6744545	15377,6104,4385,3101,2578,2244,2001,1700,1526,1296,1209,1067,1020,922,924,881,800,746,762,668,648,605,592,553,633,545,516,509,468,443,445,434,453,420,373,419,483,478,397,369,399,384,443,411,413,386,325,367,371,372,379,406,387,458,473,491,526,563,651,761,1105	33196031
